1000 1000
15 13 12 8 11 2 8 18 12 3 12 18 12 2 11 9 1 18 14 10 12 8 9 14 16 2 12 7 13 11 15 11 18 17 19 15 14 1 4 8 11 11 11 17 7 12 7 6 16 3 9 12 3 19 12 2 19 17 13 16 18 10 19 18 2 6 18 19 8 18 19 4 16 17 15 16 6 15 17 17 13 15 8 10 16 15 13 5 20 4 7 16 18 10 1 14 14 10 15 6 16 5 2 1 5 17 1 14 14 6 16 11 10 17 1 19 18 10 6 14 16 10 18 9 9 16 18 7 12 19 18 14 10 2 20 7 19 6 15 6 16 13 16 1 8 12 8 14 4 7 5 11 2 9 16 4 1 13 20 20 5 7 11 8 14 18 13 3 12 20 12 9 1 19 16 1 20 18 3 10 20 11 19 3 20 12 17 16 16 9 15 3 18 15 19 11 8 7 8 6 13 8 20 17 5 19 19 20 16 17 3 12 18 19 12 20 20 11 1 10 16 8 15 9 15 17 19 8 14 3 6 14 14 11 10 9 20 16 11 14 3 15 14 10 2 2 15 14 1 9 12 3 12 3 8 4 11 11 6 19 9 18 11 2 16 7 4 10 3 12 8 12 16 10 5 6 17 11 3 3 18 17 13 3 13 5 2 9 9 16 9 8 17 17 2 4 11 12 17 8 10 13 14 19 18 2 14 8 3 11 5 8 12 1 10 4 9 13 15 17 20 11 7 7 1 20 13 15 19 17 15 3 18 2 4 4 14 3 11 5 20 5 18 1 6 11 19 12 20 5 6 15 5 1 7 19 9 18 11 3 10 3 13 19 7 3 16 10 1 12 20 16 13 6 11 6 4 3 18 3 5 14 12 10 12 8 15 4 15 16 5 16 8 5 1 17 10 16 19 1 10 19 20 6 15 12 7 5 2 4 11 19 13 2 19 14 6 4 1 20 16 20 16 17 12 17 13 18 1 12 7 10 14 16 1 7 5 2 11 6 14 14 5 18 11 17 12 16 15 17 13 18 11 8 14 2 3 11 9 17 6 11 20 6 20 3 3 13 13 2 9 16 16 12 14 2 9 7 2 16 2 19 2 2 11 9 17 3 11 10 5 9 1 20 7 8 18 18 15 13 5 9 9 17 3 9 2 20 9 15 6 8 11 4 2 19 13 1 2 8 4 4 6 4 8 3 8 7 1 10 3 11 18 19 17 6 18 2 15 12 20 6 10 3 5 20 16 14 3 13 13 19 3 6 16 7 13 20 7 16 1 7 8 20 6 10 10 14 7 11 7 7 7 6 13 5 11 11 7 17 2 13 19 14 7 14 11 3 13 6 1 12 14 5 6 13 11 2 12 3 9 8 12 5 3 11 5 14 12 4 15 2 7 20 16 7 20 6 5 19 19 14 6 11 20 4 20 18 16 20 5 18 20 12 4 2 15 13 8 20 10 3 11 20 4 6 12 2 5 18 18 10 8 8 8 15 11 3 2 18 2 3 19 7 1 2 18 16 6 14 17 20 19 19 9 17 20 15 15 9 10 19 1 15 12 18 11 10 16 19 3 13 12 8 1 16 7 7 20 16 19 14 15 9 3 12 1 17 13 18 9 17 7 7 11 9 17 7 13 17 13 16 17 12 10 6 7 18 17 12 2 9 1 7 8 13 6 9 2 13 12 6 20 1 8 17 6 10 2 13 8 8 2 8 20 4 14 5 3 20 1 3 19 18 1 14 15 18 18 8 15 2 18 20 8 20 8 11 16 1 14 20 8 20 9 20 13 9 13 7 4 4 6 9 3 13 8 8 10 15 10 13 18 10 15 14 17 9 11 10 2 1 11 8 6 4 9 17 4 9 8 1 13 6 6 8 14 10 6 8 19 11 20 8 16 9 19 2 6 12 2 3 5 13 8 3 18 15 7 2 14 19 3 5 10 10 18 16 13 10 9 14 18 19 11 11 20 7 8 20 8 18 7 1 20 4 15 15 13 3 11 19 12 16 2 20 3 4 14 4 8 1 3 12 17 11 7 2 2 9 9 17 5 7 17 16 6 7 2 2 11 17 6 5 9 17 6 16 18 12 8 13 10 15 15 5 14 8 10 7 19 10 9 19 2 2 14 14 2 14 8 20 5 1 18 4 15 19 1 20 5 8 20 7 17 4 12 6 19 16 9 15 13 20 1 10 2 11 4 12 3 12 16 18 10 16 7 1 13 16 1 17 9 6 15 8 14 11 2 18 1 20 5 1 6 7 6 9 6 3 
11 11
3 8
5 16
12 18
16 18
11 18
10 14
1 19
9 11
19 6
10 2
8 11
8 18
16 17
6 10
20 4
10 9
6 17
11 8
13 13
14 8
12 19
12 18
14 14
16 7
15 12
1 18
7 6
12 8
13 17
10 12
15 16
16 16
14 18
17 9
13 17
15 19
18 17
16 11
18 8
13 8
13 12
11 9
18 10
8 14
9 14
18 6
15 12
18 16
15 2
13 11
14 10
19 11
13 18
6 18
12 2
11 6
20 18
18 16
11 18
18 16
18 12
10 11
15 13
2 8
11 15
15 17
11 18
16 12
14 20
13 4
9 9
7 12
15 19
12 4
1 2
15 15
18 14
18 3
8 6
8 1
14 18
19 12
16 14
18 11
16 14
3 7
12 16
15 15
14 18
13 16
16 10
3 15
19 11
11 19
18 13
2 16
8 4
11 13
1 15
19 6
12 3
10 15
12 11
7 2
9 13
10 20
13 2
4 16
16 15
14 3
12 2
19 3
14 11
17 18
13 9
11 14
19 13
9 4
8 12
13 4
15 13
12 19
7 20
12 16
1 11
16 16
2 14
10 18
15 4
3 17
13 16
15 11
12 3
18 3
12 13
12 11
15 18
15 7
16 4
1 15
19 13
11 14
3 11
15 11
2 2
19 3
4 16
14 17
17 8
15 13
8 18
1 19
7 1
8 9
10 13
4 12
10 7
1 15
11 2
19 11
12 11
12 9
14 4
13 8
15 17
10 12
14 16
2 9
18 2
12 5
11 12
11 18
18 18
1 18
3 1
18 19
16 18
13 6
2 8
18 12
20 15
14 8
2 17
17 11
11 17
12 13
12 10
15 3
3 3
19 15
5 12
12 5
19 7
8 8
15 17
20 3
8 2
16 3
16 18
16 10
14 19
18 16
7 17
7 16
14 18
9 14
12 10
17 15
13 6
10 7
18 14
1 13
12 3
8 14
11 18
11 20
16 16
12 16
18 12
11 2
18 9
11 3
17 6
18 17
9 10
12 11
16 7
2 3
15 18
17 18
11 2
19 7
17 18
11 2
18 10
5 17
18 17
15 2
17 7
5 13
16 16
10 18
8 19
15 10
17 12
15 2
9 16
13 11
10 16
2 9
7 19
19 16
4 16
12 15
19 4
18 12
19 13
12 4
17 8
12 19
15 13
3 14
16 14
6 8
12 14
15 7
4 8
19 10
13 19
13 17
15 20
7 17
7 11
3 18
18 19
13 10
4 5
1 17
2 12
13 13
18 18
14 9
16 18
6 17
12 12
18 7
11 9
10 15
11 2
2 2
12 18
13 7
3 7
18 19
10 17
12 10
19 18
7 18
8 11
8 15
8 2
18 18
18 1
7 8
17 12
12 15
9 17
12 1
11 16
8 7
16 19
7 19
19 14
2 3
3 15
5 10
10 10
12 20
6 15
15 15
19 7
19 12
18 15
12 11
3 19
15 14
4 18
18 9
14 16
18 17
15 18
7 18
11 2
12 17
11 2
4 14
11 19
12 15
15 12
16 12
10 10
16 13
12 13
6 15
14 1
15 18
17 10
16 14
12 18
16 16
16 20
9 10
19 2
13 19
15 14
11 10
2 14
18 11
20 17
18 8
2 18
11 14
4 6
13 3
19 12
14 19
7 7
19 11
17 6
7 9
19 6
17 16
14 18
10 19
11 2
4 15
14 3
19 17
19 19
8 19
8 16
19 15
11 8
12 12
9 7
11 11
13 12
6 17
10 16
7 13
18 13
7 12
2 16
4 2
16 17
9 14
2 15
7 15
19 11
2 14
13 15
15 18
16 12
10 13
1 4
1 15
4 19
5 7
16 10
10 17
15 14
12 11
15 15
8 3
18 17
16 15
3 16
15 10
20 1
9 1
19 15
19 6
16 18
13 2
11 10
6 4
2 15
15 16
19 12
9 11
2 12
8 12
8 19
7 12
19 14
14 1
11 3
20 8
15 18
15 19
12 8
18 7
10 2
4 12
16 10
16 13
10 2
3 11
11 13
18 16
17 8
15 11
15 15
5 18
16 16
7 16
6 15
18 4
4 15
3 15
11 12
16 17
2 15
16 15
1 11
7 11
3 8
12 3
9 12
2 2
2 14
4 10
12 12
19 18
6 4
4 3
16 18
13 14
7 16
13 14
12 4
2 12
7 13
1 13
16 12
8 16
1 9
2 15
6 18
11 14
18 19
6 16
8 1
16 11
6 10
15 18
11 18
14 12
17 1
10 16
10 14
17 15
12 15
12 1
19 18
17 11
16 15
16 10
15 14
8 5
15 17
4 15
11 14
11 18
11 9
3 2
9 2
17 7
9 8
5 6
13 18
14 4
15 10
17 11
9 18
12 14
15 16
18 8
7 2
8 12
16 16
18 13
12 8
8 17
14 2
14 13
15 16
11 14
15 11
20 18
17 11
18 12
7 19
3 13
18 6
2 4
8 6
7 18
19 18
6 12
15 3
17 10
7 13
6 1
10 18
11 4
1 7
17 20
20 12
15 2
15 7
4 4
10 2
8 15
17 8
2 4
8 8
12 19
15 18
8 3
12 10
18 18
12 19
16 18
18 10
12 8
9 15
2 18
11 18
8 15
1 16
17 1
19 17
9 7
11 15
7 14
16 5
6 18
20 8
12 8
1 18
6 7
18 10
16 1
11 18
16 8
10 12
18 14
15 2
2 10
18 11
7 7
18 10
7 16
9 8
11 15
18 2
4 8
18 14
9 9
12 8
8 17
18 19
17 2
9 18
9 1
17 17
18 16
19 16
17 12
16 12
13 12
12 18
19 6
11 18
12 17
13 6
15 2
14 8
11 17
16 1
2 4
12 1
9 1
16 16
11 16
15 1
17 7
6 3
11 15
16 18
2 11
2 19
12 13
17 15
19 7
14 10
12 2
15 14
8 2
16 10
14 17
15 18
3 19
10 17
6 15
13 16
12 14
6 12
10 12
4 17
4 18
11 6
18 18
2 11
16 10
10 9
3 15
6 18
18 12
11 8
17 11
1 10
17 2
17 18
1 14
12 14
15 2
6 18
17 14
2 17
16 16
15 17
4 12
11 12
18 9
3 13
3 16
13 18
8 12
13 3
3 15
2 15
19 11
3 7
13 12
15 13
18 13
10 19
6 15
10 12
14 18
15 17
18 6
10 13
2 17
17 18
12 16
12 12
15 12
18 2
15 9
16 18
8 13
12 16
7 8
14 9
12 8
16 5
12 8
11 15
16 8
11 9
15 14
6 14
9 17
12 16
12 18
18 13
12 20
1 5
4 13
19 10
18 10
13 14
15 11
11 14
17 18
11 16
7 9
7 17
16 16
7 15
20 5
14 7
12 8
10 15
2 10
17 12
12 15
17 15
9 19
13 2
7 18
15 13
12 17
10 17
19 13
7 3
13 19
14 1
2 15
16 18
8 13
10 2
2 8
10 2
19 14
18 2
4 2
11 10
17 7
18 2
10 14
2 12
15 2
3 12
16 10
18 1
2 1
11 17
11 13
18 13
3 16
2 14
18 10
11 16
14 3
15 12
11 17
11 19
18 18
8 12
15 8
17 14
8 3
16 19
12 18
9 11
2 14
10 2
12 15
2 18
12 12
13 14
10 11
11 18
11 12
18 9
11 17
7 8
18 12
18 7
1 2
15 13
15 8
13 12
8 8
17 14
12 2
11 17
7 14
12 16
6 19
11 16
1 1
6 18
18 18
3 16
15 6
8 10
12 18
13 12
12 13
10 13
17 7
16 12
14 20
8 16
2 15
9 8
18 15
12 10
16 17
2 6
15 15
8 12
7 16
2 15
12 9
10 14
13 13
18 16
7 12
13 8
17 11
18 18
19 3
8 10
20 19
8 16
2 18
14 18
19 7
19 14
15 14
8 11
7 13
11 3
11 15
15 20
17 20
19 12
15 17
16 15
10 8
11 16
3 12
17 11
2 9
9 7
13 18
14 13
15 17
10 15
2 15
17 1
1 17
3 12
17 12
13 17
1 2
18 7
12 13
18 3
13 8
14 15
18 16
10 13
16 12
14 18
11 12
1 16
7 12
16 13
12 15
2 12
17 15
12 17
6 12
11 17
12 11
15 8
12 15
15 18
15 15
14 15
8 12
14 15
17 17
19 12
18 15
2 14
18 10
10 18
16 15
16 2
19 6
3 6
7 15
12 8
12 10
15 15
8 11
19 18
2 17
12 15
12 19
16 11
13 15
17 9
3 7
12 15
10 18
11 7
19 2
19 10
2 6
2 16
7 16
4 11
7 12
17 4
16 16
13 11
2 19
16 13
11 10
19 11
18 12
8 16
11 8
18 15
7 14
4 9
14 3
8 3
8 12
12 12
4 15
10 18
12 19
16 12
9 6
18 14
15 15
8 19
2 11
17 16
15 18
12 16
14 2
7 10
8 12
12 12
18 12
11 11
6 9
8 19
14 11
9 19
8 2
17 2
10 11
16 11
11 6
16 14
18 18
18 13
