2710
2962
2962
3430
3370
2572
3430
3982
2610
3052
2740
4756
2590
3492
3100
5050
2880
3492
3622
4060
4222
3430
2682
5050
2962
3370
4570
5050
3202
2520
2740
2656
3832
4140
2512
3370
3202
4852
3370
2502
4306
3906
2530
4306
2656
2502
2632
4852
2520
4480
3150
2842
2610
3690
2530
2806
2520
4570
2512
3430
2682
4306
2806
2520
2740
5050
4060
2682
4852
4222
3052
4852
3150
2920
3906
3556
3430
2962
4392
2962
2512
3690
3150
2590
2962
3760
2542
4756
2842
2962
3832
3150
4662
3556
2572
4222
2520
2572
2610
2590
2506
3832
3150
2500
2656
3006
3906
2572
2880
4480
2632
4950
3150
4852
2710
4756
5050
3430
4306
3760
3052
2682
2512
4480
3100
3430
4950
4060
3370
5050
3202
3622
2806
2512
3492
4852
2740
2610
4060
3370
4222
2610
3312
3906
2610
2520
3312
2710
2842
2962
3006
3492
3312
2542
2740
2556
3100
3100
3832
3760
2632
3690
2590
2632
3006
4060
4950
3690
2806
2530
3100
2842
2610
2632
2556
2632
2512
3006
2502
2542
3052
3256
2842
4392
2610
3832
2772
4140
3312
5050
3492
3006
2920
3150
2572
5050
4392
2632
2500
3100
4222
3760
2880
2506
4306
2512
4950
3256
3906
5050
4852
5050
5050
5050
3556
4140
3150
3690
4140
3100
5050
3312
2512
2556
4570
3100
5050
2530
2632
2920
2740
4756
2542
2572
4060
2880
3052
2512
2556
2880
3150
4306
3832
2772
5050
4306
3832
3556
2590
3430
3690
4480
3256
2806
2512
4392
2632
2556
2512
5050
2530
3492
3760
3100
2556
3370
3052
2500
3312
4140
2512
3690
4852
3832
2656
4480
2610
2572
2556
2506
3492
2502
2632
3256
3312
4852
3150
4060
2556
4222
2502
2520
2500
2632
4950
4950
2880
4480
4480
5050
2880
2512
2806
3492
2556
3906
3832
2962
3256
4756
4140
2842
2556
2572
3430
4060
5050
2610
2632
4306
2572
3832
2710
2572
2682
2632
2572
4392
3430
2682
4662
2530
4140
2920
2962
3202
4060
3832
2632
3312
4306
2556
2506
2880
5050
2530
3492
2772
2506
5050
3100
2572
2506
5050
2556
2572
5050
3052
4222
3556
3150
2500
2502
3760
2710
2962
2656
4950
2506
2842
2842
2656
3100
2740
3006
2880
2772
4852
4950
3370
2512
5050
4480
3202
3832
3312
2520
2710
2506
2880
4950
2772
3690
3052
4392
4140
3370
3760
2542
3982
2842
2530
3832
2610
3906
2920
3006
4662
3832
2632
3906
4222
5050
2520
2520
3370
2656
2920
2500
5050
2590
2842
2842
2632
3052
3906
2772
3312
2506
2806
4570
5050
5050
4306
3832
3492
4060
2506
4756
4392
3256
3100
2656
3832
2500
2506
2632
2656
5050
4662
2530
3256
2656
3256
4480
4852
2610
3150
3492
3150
4480
2556
2506
2556
2632
3052
3982
2530
5050
3760
3256
5050
2572
4570
3430
2512
2806
3430
4060
3492
2512
2556
4140
2656
4222
3256
4392
2572
2542
4306
3690
2806
2740
2880
3832
4570
4662
4306
2806
2610
2710
2542
4306
3492
3370
2542
3256
3312
2806
3690
5050
4570
4306
3150
3052
3906
4392
4480
2962
3052
3202
3690
2920
2962
3760
5050
3150
2920
4480
2590
3492
2500
4392
2530
2556
4852
3370
4852
4140
4392
2502
3832
3760
2632
2512
2506
2682
2530
2632
3556
2682
2502
3622
3370
4756
3006
2632
5050
5050
2740
4662
4950
5050
3832
5050
2502
2590
5050
2572
2500
2512
4222
4140
3982
3370
2530
2806
5050
4950
4060
3100
5050
5050
2556
2590
2590
2590
2740
2572
3100
3982
5050
3622
4480
2656
3006
4570
2556
4950
2610
3492
3760
3492
3006
3052
3982
4140
2920
2512
4222
2880
3370
3006
2772
3622
2632
3052
2842
4392
5050
4060
3622
2806
4306
5050
2710
2610
2590
4480
2500
2920
2590
4140
3256
2572
2920
3492
2512
4570
3430
3690
2772
4950
2710
3006
2506
5050
3982
2920
2842
3370
5050
2512
2962
2656
4570
2610
3906
2506
2682
2710
2530
4852
2632
4222
2556
2556
2506
3312
3492
4060
4060
2512
2962
5050
5050
2962
3982
3052
2610
3906
3690
4852
3906
3150
3052
5050
2610
2530
3052
3430
3492
3622
3430
3100
3906
3150
2512
2632
2506
4480
5050
3370
2920
4756
4060
5050
4950
3982
4756
3150
4306
2740
2530
2542
3832
4392
3760
4852
3202
4306
4570
3370
3832
2502
2920
2590
3202
3906
5050
2512
3622
4392
4480
4662
5050
5050
5050
3690
5050
4222
2506
3492
3556
2772
5050
5050
3906
4950
2842
3492
2806
2962
4950
3052
3492
2502
3430
2962
2682
4140
2632
2542
3690
5050
2656
5050
2710
2512
3430
5050
3492
3760
4852
5050
2590
5050
4140
5050
2572
2590
5050
3492
2710
2556
5050
4140
3150
3052
4950
3100
3690
3312
4950
2772
2710
3982
2502
3312
2502
4222
2506
3492
3760
3430
4222
3556
3052
2772
2506
2512
5050
2806
3430
4852
3832
3006
3312
3150
3982
3556
4392
2502
2632
4222
4480
4222
3006
5050
2590
2512
2632
2520
3832
2880
4140
3832
2772
2710
4570
5050
4950
3832
2962
3256
2740
3492
2520
3430
3312
3150
2740
2740
3312
2520
4756
2710
2962
3492
4480
3052
2842
3982
2682
2506
3906
3556
4662
2572
2556
3982
2880
2502
2842
2962
2710
3982
3370
2572
5050
2710
4570
4140
2502
2682
5050
3100
2502
4392
2572
4140
2502
3556
3370
3760
2572
4852
3492
3430
3370
4222
4140
2502
2880
2962
2500
3690
4140
3100
2920
2500
3150
3622
3006
2610
3006
3006
2512
5050
3006
2632
2590
3312
3052
2610
3982
4060
2880
3492
2632
3370
2682
3256
2656
4392
3430
2772
3052
2556
2842
3052
2610
2500
2842
2572
2710
2806
3202
2610
3906
4480
3760
2572
4756
2542
3312
2842
3906
2530
2656
2710
3760
4852
3622
3312
5050
2962
3906
3100
2880
5050
4222
2542
2520
3556
2530
4480
2502
3006
2572
3430
2656
3052
2740
2610
2842
2556
3150
4570
4140
4852
3312
2806
2656
5050
2520
3150
5050
3202
4480
