49 83
7 3 78 2 51 78 65 82 91 63 96 78 8 96 13 26 43 1 62 95 100 37 82 70 98 90 8 80 88 13 32 9 88 97 39 52 88 7 37 82 21 10 93 49 16 28 89 91 38
18 60
92 55
74 98
55 23
28 64
52 38
9 26
51 32
69 36
77 51
7 54
59 17
28 64
18 24
36 96
83 1
3 49
60 80
48 33
84 94
100 21
41 60
25 78
12 31
19 88
5 68
3 43
34 30
18 74
72 14
8 11
71 55
53 50
22 86
72 70
97 63
74 45
28 53
57 43
72 26
14 21
92 59
72 10
80 38
15 51
69 20
79 39
5 26
44 17
64 43
37 89
91 20
36 80
16 46
74 4
2 46
79 35
51 7
80 7
47 1
74 6
22 66
38 87
65 97
84 97
93 76
52 18
33 90
44 70
65 94
58 65
91 59
8 62
20 16
45 38
30 18
89 53
77 3
1 51
76 57
20 5
49 72
13 97