4950
3760
5050
4950
3492
2590
3202
5050
3622
5050
5050
3006
3906
3906
2610
3430
2572
2880
5050
4140
2502
3982
4480
4222
2530
2632
5050
4756
5050
4306
2530
2962
5050
5050
2502
2500
3202
4950
2656
2806
3100
3760
2710
2656
4060
2512
2520
4306
2590
4756
3430
2632
2682
2520
2806
3982
5050
4570
2502
3052
2710
4852
2500
4480
3982
3492
3150
2962
2500
4222
3100
4306
4662
3622
3492
2656
3052
2842
2502
2502
2920
2806
2512
2500
3312
5050
3100
2682
2656
2610
2632
4306
2520
3150
3760
3906
3370
2880
3430
5050
2572
4140
4756
3982
3430
2806
3256
3202
4306
2682
3312
3150
2632
3556
3492
2520
2710
4756
3256
4570
4306
2610
2772
2520
2740
2502
2632
2500
2556
2962
5050
2682
2610
3150
2682
3100
2506
2610
4306
3312
3052
5050
2500
2806
4140
2542
2682
4662
2842
2842
4480
3150
3982
4306
2572
3052
3430
2502
2920
2656
5050
2512
4480
4950
2880
3430
2502
2806
3370
2610
2880
2506
3202
2740
2610
3150
2682
3370
2610
2520
3622
4060
3100
2632
2806
2880
2506
4852
2520
3906
2500
2500
3006
2962
3150
2632
2920
3760
2506
2500
4480
3690
2590
3430
3492
2880
2502
2920
4060
4756
2632
3430
2656
4060
5050
4852
2520
4140
2556
3492
2502
2500
5050
4140
4756
4306
3370
2530
2542
2740
4852
3556
3202
2502
3492
2590
2842
2806
3430
3622
2682
3982
2572
2806
2506
2656
3492
2842
4950
2710
2610
2512
4480
5050
5050
3006
3430
4306
2962
4306
3622
5050
2542
3430
2530
3622
3052
2502
3556
4140
2740
2682
5050
3982
2542
2632
3202
2572
3202
2556
2920
2656
3150
4140
2920
2500
5050
2962
2962
2656
4570
4662
2682
3982
2806
3202
4570
2962
2590
3760
4060
2610
3370
3100
2506
4392
2610
4852
5050
2572
3202
2740
3832
3492
2842
5050
2590
4222
4060
2842
4140
4756
5050
5050
3312
2880
3556
3760
2806
2920
4060
3556
2682
4756
2880
2710
3760
2772
2656
3690
2920
4662
2962
2682
2682
2710
4392
3982
3052
3832
4480
5050
2502
5050
4480
2512
3006
2656
2962
4950
3760
2506
3100
5050
3312
3052
5050
5050
2682
2512
2656
4306
2682
2710
4852
2682
3556
3982
2556
2920
2682
4060
3556
4140
4662
2506
2740
4570
4140
3100
5050
3052
3690
5050
5050
3202
2772
3100
3150
2500
3556
3100
2556
5050
5050
2656
5050
5050
2506
3100
3982
3370
3150
3370
3832
3052
5050
2682
3430
2682
2920
2502
3906
4570
3052
4852
2962
3202
4222
3832
2610
3906
3202
3906
2530
3052
4060
2506
3256
4480
2610
2572
3006
2710
2556
2506
2502
5050
3690
2632
5050
3760
5050
4392
2556
2502
2682
2880
2502
2542
3052
3150
2590
3006
2656
2710
5050
2656
4950
2682
5050
2880
4222
2512
3622
3906
3052
4662
2556
2572
3982
2806
2506
3150
2500
2842
3556
5050
3256
3150
4480
3832
2920
2572
3556
5050
2572
2806
3052
2710
2710
2632
3100
5050
4306
2590
5050
2772
2962
2880
2520
2530
3202
4662
4570
3150
5050
2530
2610
2530
5050
2632
2506
3006
3202
2506
3006
2920
2530
2556
4950
5050
2710
5050
2590
3100
2512
2880
4060
3906
2610
2530
5050
5050
3052
4392
5050
2502
5050
4060
2500
2506
2682
2632
5050
2520
2740
3760
2962
2610
3556
3052
2632
2656
2842
2806
2506
2632
3370
4662
2590
2520
3100
3492
2772
2656
2500
3052
2610
2772
4140
3760
3006
5050
2556
2880
2610
3690
3690
3100
3256
4306
3100
2530
2530
3906
2682
5050
2920
3150
2542
4852
2842
3202
3052
2500
5050
3982
4306
3052
2880
5050
5050
4480
2962
2920
2572
3430
2500
2772
2710
3006
3492
4306
3052
4480
2880
3556
5050
2502
2572
3690
3052
2772
2520
4852
2530
3150
2512
2506
2656
4570
5050
2772
4950
2740
3492
4480
3430
2880
2962
3492
2512
3100
4662
2656
4060
2772
3622
5050
3430
4950
3052
2556
4756
2656
4756
4392
2500
2502
2542
2590
2806
4852
2710
2880
2842
5050
2572
4950
2590
2632
3760
2682
2656
2806
5050
2542
2572
2920
2506
2520
2556
2590
4140
2842
2632
3690
2590
2880
3556
2962
4852
2542
4662
3312
4060
2632
5050
3430
3690
5050
4140
2656
4756
2542
2500
2740
3430
2520
2772
2740
2542
3832
4392
5050
5050
3370
2632
4950
5050
2880
4950
3832
2590
5050
2502
4662
3202
2920
2740
3622
2520
4306
2772
2920
4950
2520
2542
5050
4306
2542
4950
2710
3906
2656
3312
3150
2842
4950
2772
2656
3100
4392
4060
2656
3760
4392
3256
3760
3430
2632
2502
3832
3832
4392
3202
2962
4852
3906
2710
2530
3052
3906
3312
4306
3982
2500
3982
2842
5050
2806
4140
3430
3202
2682
2962
2500
4852
2520
5050
2632
2572
2880
5050
3150
2962
3150
5050
2842
5050
2710
2590
3150
4392
5050
4852
3622
3202
2502
4392
2500
2520
2682
2842
5050
4756
4140
2920
5050
2556
3256
2740
2632
3832
2500
2682
2542
3052
2500
4480
3832
2740
2632
3556
4950
2530
2556
3100
3052
3370
2520
4950
3982
2502
5050
2590
5050
5050
2572
2520
3312
4852
3370
2500
5050
2500
2682
5050
4306
2590
2806
4950
2500
2590
2842
3492
2610
2512
2962
3760
4392
3906
3312
3150
2506
2962
4306
3150
3430
2710
2880
2502
4570
3150
5050
4756
3622
3430
3052
4222
3492
3430
3622
5050
2506
4662
2710
4480
2530
2842
3760
2920
2530
4756
2880
2656
2710
3430
3556
4392
4570
2740
4756
2556
3052
2500
3370
2572
2610
5050
3690
3150
5050
4852
4306
2556
2806
2506
3622
3832
2572
3052
2530
2506
2682
3006
2506
2500
3006
4060
2920
2962
4140
2962
3150
4756
5050
3760
2556
4662
3006
5050
4392
2530
5050
2806
2506
3690
5050
4306
2806
2682
4480
5050
2772
3906
4306
3312
2632
2530
4480
2842
2806
4392
2842
3100
2530
4222
2520
2880
2512
2512
2502
2740
3256
4852
2920
3202
3832
