100 1000
924300533 467394002 879335850 960052898 281465853 855204778 106432048 947920133 403576983 122756484 103337266 918420049 301121014 329397334 788747781 227197281 811370581 167525330 789523123 193081972 298847968 363357426 66762194 295730358 187396350 581641805 383317552 344208944 512680278 239384698 825671385 351414110 434460439 58989187 607884716 86278655 449869124 486910196 998088985 641656890 324263415 743964028 233623007 304121679 114643916 588292051 664358060 350288596 497290808 762349109 895994270 708358146 495234915 401242414 474200265 377318672 959041443 149529199 215132041 638266494 518536122 56596720 715831938 285104692 430114938 566335054 177939501 682556548 185389631 34619887 320873909 102927334 873160854 423218820 379885978 144191251 495663780 258427311 0 0 0 0 0 0 0 0 0 0 0 0 0 0 0 0 0 0 0 0 0 0 
350288596 497290808
641656890 187396350
320230127 939301164
912483163 924300533
6309844 789523123
792068281 324263415
953426211 295730358
186840863 520031905
825671385 350288596
308851837 397592796
931090734 432127427
682556548 641656890
301121014 917559903
344208944 788747781
641656890 182834437
740792715 193081972
423218820 788747781
281465853 379885978
189631146 279247441
825671385 324263415
227197281 430114938
34619887 149529199
762142939 855204778
581641805 811370581
114643916 39606992
699887354 56596720
523016392 200268311
320873909 423218820
208835756 203405992
149529199 762349109
350288596 879335850
102927334 33932993
512680278 512680278
743128250 330022700
683784745 497290808
762349109 78614647
823756566 295730358
227197281 811370581
715831938 759146973
434460439 897791187
581641805 359492270
914238407 788747781
641656890 960052898
715831938 182782572
56596720 895994270
664358060 493284403
588292051 447046214
380217900 947920133
708456731 638266494
423218820 320873909
193081972 774236265
56596720 450902074
177939501 239384698
520376943 474200265
368716112 434460439
114643916 959041443
508389292 404461248
638266494 474200265
285104692 918420049
423218820 817997589
743964028 855204778
467394002 638201389
667330900 762349109
588292051 641656890
401242414 566335054
743964028 518536122
144191251 109651617
401242414 187396350
30496182 762349109
638266494 895994270
915631269 379885978
947920133 294580507
873160854 185389631
811370581 217420060
363357426 879335850
715831938 337299918
708358146 187396350
468135866 185389631
187396350 495663780
566335054 329397334
298847968 895994270
474200265 363357426
401242414 696380026
895994270 763518222
825671385 495234915
167697410 975755495
379885978 891809816
285104692 634448440
801613488 486910196
924300533 56596720
272873754 56596720
56596720 34619887
377318672 924300533
492154159 144191251
924300533 227197281
285104692 895994270
682556548 664358060
34619887 323052
518536122 324263415
443727514 17907002
149529199 227197281
682556548 149529199
109683841 879335850
895994270 715831938
193081972 801954631
434460439 560841049
762349109 873160854
495663780 67454841
103337266 879335850
106432048 320873909
344208944 855204778
597589824 187396350
370102006 56596720
607884716 811370581
298847968 641656890
277368458 474200265
895994270 788747781
855204778 879335850
497290808 102927334
855204778 924300533
486910196 588292051
607884716 379885978
285104692 239384698
565066676 588292051
495663780 743964028
167525330 34619887
638266494 298847968
504299568 895994270
227197281 215132041
177939501 486910196
111221294 91480369
285104692 896897033
102927334 103337266
167525330 233623007
193081972 959041443
497290808 66762194
350288596 938252275
518536122 964046825
495234915 114643916
743964028 193081972
97905257 383317552
909895109 995509365
855204778 959041443
682556548 283492767
285104692 423218820
959041443 563955819
285104692 358195339
86278655 351414110
467394002 58989187
873160854 324263415
217798240 855204778
998088985 329397334
239384698 167525330
379885978 177939501
274005218 215132041
423218820 362609109
58989187 329397334
497290808 296653526
320873909 511562734
486910196 631565638
15257800 309303774
103337266 430114938
855204778 271439755
924300533 438291419
102927334 324263415
233623007 66762194
964798667 708358146
474200265 363357426
581641805 664358060
238617315 518536122
379885978 304121679
762349109 467394002
834388089 295730358
861135641 607884716
494326152 641656890
403576983 58989187
743964028 281465853
239384698 895994270
159743985 641656890
588292051 466144513
330832610 811370581
103337266 911770240
581641805 614831577
998088985 821603243
855204778 998088985
149529199 383317552
495234915 478664013
497290808 664358060
474200265 508698863
301121014 754603603
167525330 185389631
855204778 377318672
960052898 351414110
658222097 512680278
959041443 351414110
418041658 56596720
320873909 229009768
147968775 788747781
154105022 350288596
98474086 895994270
486910196 304121679
998088985 474200265
442261575 638266494
609629328 193081972
743964028 518536122
376158140 34619887
497290808 675272449
187396350 474200265
213285196 103337266
58989187 449869124
66762194 56596720
193081972 944199753
998088985 924300533
103337266 397240672
301543646 188864547
167525330 193081972
80954542 588292051
879335850 301121014
563167916 149529199
789523123 954284778
403576983 149529199
762349109 543419977
391039169 281914743
122756484 27378739
512680278 581641805
233623007 895994270
215132041 486910196
227197281 518536122
739822827 959041443
947920133 233623007
855204778 947920133
377318672 423218820
630291593 495663780
695977857 497290808
434460439 708358146
638266494 993781314
351414110 473349092
144191251 233623007
331907849 193081972
351414110 497290808
351414110 185389631
762349109 56596720
215132041 95796433
682556548 137311994
500354383 495234915
452229779 486910196
295730358 281465853
998088985 106432048
392324787 924300533
430114938 434879409
939994433 518536122
664358060 246728221
227197281 363357426
853950188 852672267
592212857 540219672
377318672 344208944
193081972 201945594
947920133 847713629
512680278 706868317
947920133 466341037
12544960 811370581
952707443 697011616
304121679 925363488
873160854 495234915
298124552 114643916
811370581 347397166
825671385 960052898
286174746 497290808
304121679 56596720
641656890 762349109
866091369 566335054
301121014 495663780
348627413 125095599
947920133 193081972
103337266 682556548
331414733 56596720
405721425 295730358
743964028 611377393
324263415 430114938
103337266 185389631
691936858 320873909
122756484 350288596
281465853 239384698
383317552 811370581
301121014 233623007
895994270 314833381
587497581 637094442
708358146 66762194
709289251 512680278
641656890 467394002
344208944 434460439
711170736 960052898
566335054 467394002
566335054 401242414
998088985 102927334
5840428 295730358
215132041 285104692
113437520 512680278
959041443 227197281
641656890 187396350
985204735 103337266
718074178 518536122
486910196 811370581
895994270 187396350
350288596 478220754
638266494 177939501
188132925 518536122
998088985 324263415
38279524 16561326
566335054 295730358
998088985 715831938
486910196 879335850
645516079 329397334
266778687 789523123
708358146 193081972
193067071 552822909
65070078 324263415
86278655 114643916
324263415 239384698
572302962 185389631
434460439 66762194
239384698 383317552
104070599 854560035
353809710 958048891
239384698 947920133
825671385 515075172
879335850 298847968
638266494 114643916
434460439 776568320
704071835 239384698
471940789 103337266
669980736 167525330
449869124 996427899
566335054 185389631
825671385 725619346
998088985 379885978
239384698 788747781
621197207 58989187
486910196 73876794
194852532 227197281
486910196 947920133
590113579 960052898
982470799 102927334
285104692 589343952
449869124 810762399
430114938 353924655
295730358 811370581
193081972 351414110
66762194 762349109
948432888 329397334
518536122 474200265
502189830 9853703
870174050 708358146
607884716 607884716
715831938 185389631
762349109 879335850
324263415 185389631
664701099 486910196
423218820 114643916
34619887 185389631
474200265 641656890
295730358 495663780
379885978 389615774
764818264 32586829
66762194 924300533
420398236 423218820
406328112 49854856
702600665 380551229
285104692 937292169
75195737 401242414
171928001 486910196
638266494 682556548
447475890 449869124
86278655 473578072
298847968 789523123
560828123 285104692
239384698 918420049
879335850 788747781
788747781 873160854
450233387 239384698
855204778 233623007
298847968 122756484
868381419 167525330
355177968 122756484
638266494 377318672
301121014 566335054
566335054 208964364
18085361 281465853
581641805 227197281
147786046 379885978
502518968 840158803
102927334 114643916
177939501 895994270
58989187 58989187
563715314 17185351
239384698 401242414
591204238 177939501
581641805 804430979
401242414 512680278
895994270 838555206
588292051 285104692
438427150 379885978
239384698 873160854
86147565 962671163
311186416 372906665
927952291 715831938
729940745 28319363
466064084 133572886
295730358 495663780
34619887 304121679
918420049 671256693
672931923 298847968
641656890 788747781
495234915 351414110
518536122 379885978
743964028 185389631
301121014 301121014
285104692 769503928
879335850 66762194
227197281 495234915
593371987 320873909
474200265 879335850
430114938 708358146
281465853 614596382
30097245 383317552
497290808 895994270
58989187 715831938
295730358 55975093
403576983 185468312
122756484 295730358
753595455 641656890
66762194 122756484
185389631 114643916
122756484 66762194
66762194 682556548
614268003 383317552
144191251 430114938
495234915 489638853
66762194 2971152
149529199 285104692
107525470 518536122
607884716 495663780
873160854 462863332
86278655 470193774
492494717 233623007
495234915 900522042
682556548 227197281
535963234 547747144
998088985 474200265
86278655 379885978
378598050 475985565
998088985 295730358
751040805 311573406
350288596 474200265
177939501 295730358
503956263 708358146
655350321 449869124
34619887 200838679
813929774 497290808
187396350 185389631
423218820 671383348
721295453 144191251
324263415 204577715
575869875 873160854
8070617 486910196
86278655 13897030
369744508 624330302
320873909 434460439
924300533 785796119
743964028 281465853
391784236 2521166
86278655 281465853
351414110 324263415
383317552 423218820
74013792 811370581
320873909 149529199
423218820 178279884
233623007 998088985
709076034 149529199
875715041 215132041
959041443 185389631
682556548 607884716
363357426 34619887
144191251 140276704
295730358 423218820
946859373 185389631
998088985 959041443
971768927 452250772
235922396 66762194
884313605 144191251
495663780 320873909
607884716 298847968
239384698 974074707
682556548 581641805
383317552 114643916
27773050 179334339
434460439 379885978
783531870 434460439
167525330 114643916
430114938 180564537
177939501 467394002
227197281 474200265
122870081 379885978
373439112 906250344
185389631 495663780
363357426 715831938
714774118 299254354
177939501 255803558
512680278 923858679
825671385 147531404
588292051 741261919
250203248 114643916
320873909 664358060
959041443 495234915
56596720 177939501
585813722 187396350
403576983 403576983
379885978 239384698
34619887 239384698
518536122 281465853
662392433 71706201
56596720 4428791
301121014 566335054
344208944 70550969
379885978 895994270
193081972 682556548
434460439 281465853
239384698 817206020
495234915 947920133
106432048 762349109
117691181 924300533
597024278 516701838
337760652 430114938
986722614 67532191
638266494 343577346
581641805 837925830
754076322 664358060
879335850 873160854
114643916 377318672
301121014 926100433
641656890 25789926
621235460 114643916
543394944 328876452
357655302 544297109
967938192 423218820
106432048 69696092
167525330 167525330
960052898 495234915
309857702 801327091
103337266 345433687
762349109 919485682
438825862 350288596
121534570 449869124
265197791 56596720
534355148 587831543
778063922 588292051
566335054 219745400
304121679 512680278
279614260 102927334
810395472 641656890
167525330 442248728
423218820 322699474
998088985 909496557
170264601 715831938
185389631 93125207
272905919 434460439
495234915 995917266
56596720 319953000
383317552 855204778
743964028 588292051
301121014 401242414
66762194 185389631
363357426 350288596
56596720 233623007
102927334 486910196
486910196 579234071
895994270 701208890
235162006 423218820
825330906 518536122
58989187 433480727
122756484 815608040
641656890 187396350
233623007 788747781
381644805 638739548
918420049 474200265
449869124 682556548
66762194 715831938
891439406 227197281
891884826 227197281
581641805 608821235
233623007 193081972
328565899 947920133
895994270 495663780
377318672 564184119
401242414 403576983
589271195 301121014
998088985 144191251
618725162 86217134
495663780 664358060
344208944 879335850
959041443 556256981
332820024 467394002
305168699 351414110
295730358 270104932
383317552 189965909
518536122 122756484
711466913 650825850
918420049 300628759
227197281 947920133
423218820 424962774
825671385 139666691
666731477 343627879
875115619 510255469
566335054 638266494
301121014 743964028
522403270 239384698
215132041 899156820
193081972 587323756
298847968 320873909
715831938 512680278
430114938 262983604
873160854 332586315
295730358 281465853
430114938 873160854
233623007 227197281
855204778 144624227
350288596 811370581
247809643 167525330
289905348 710189449
320873909 789523123
467394002 518536122
581641805 122756484
985973767 423218820
58989187 522652379
398989795 474200265
281465853 106432048
225264457 377318672
351414110 959041443
200846354 401242414
918420049 430114938
177939501 512680278
789523123 295730358
492084146 564429005
789523123 495234915
335019256 924300533
133091682 566335054
233623007 295730358
401242414 638266494
298847968 324263415
305006302 825671385
518536122 351414110
789523123 67067934
788747781 185389631
351414110 855204778
960052898 937395714
486910196 106209303
329397334 187396350
777057255 177939501
167525330 607884716
864138406 380073587
239384698 122756484
102927334 320873909
34619887 233623007
434460439 144191251
285104692 177939501
34619887 106432048
383317552 295730358
106432048 409073067
895994270 674742685
959041443 281465853
423218820 239384698
638266494 120050136
379885978 743964028
625963178 467394002
294012402 86278655
825671385 119071928
351414110 285104692
666819148 374558202
215132041 783106963
924300533 532777860
812735003 324263415
524274951 998088985
518536122 144191251
497290808 918420049
715831938 865205134
822386793 682556548
871125161 302494830
638266494 879335850
215132041 928264233
149529199 344208944
994436726 350288596
430114938 789523123
873160854 239384698
638266494 622422598
295730358 58989187
873160854 324263415
715831938 924300533
873160854 959041443
205338063 638266494
193081972 895994270
403576983 383317552
653081420 102927334
344208944 239384698
924300533 114643916
103337266 788747781
363357426 880021897
715831938 423218820
998088985 861114029
28559443 420636764
518536122 324263415
227197281 456988600
867530673 367827771
825671385 298847968
467394002 430114938
918420049 788747781
304121679 549198622
638266494 122756484
513999176 607884716
740038641 193081972
825782524 588292051
177939501 974592115
99003395 566335054
518536122 960052898
329397334 937818023
106432048 644110231
316491896 684579691
572100056 278809757
789523123 641656890
979665681 998088985
486589161 924300533
557636067 861223758
307726987 34619887
106432048 947920133
187396350 998088985
877264737 324263415
983553843 134060687
879335850 474200265
167525330 363357426
588292051 34619887
836434565 320873909
581641805 518536122
215132041 743964028
588292051 687823260
947920133 58685098
298847968 474200265
320873909 218093416
329397334 788747781
514546874 474200265
638266494 227197281
633292448 863996809
721483728 947920133
377318672 918420049
924300533 202175115
86278655 318186851
298847968 947920133
486910196 749959170
382699729 363357426
144191251 878378046
800371169 351414110
227197281 788747781
743964028 947920133
34619887 351414110
581641805 55541088
106432048 200533671
59276058 103337266
947920133 588292051
708358146 449869124
959041443 285104692
66762194 911345959
329397334 512680278
324263415 298847968
998088985 207304758
789523123 320873909
363357426 86278655
215132041 873160854
106432048 874542399
682556548 304121679
873160854 924300533
193081972 167525330
320873909 149529199
879335850 682556548
122756484 474200265
888923343 383317552
430114938 708358146
957773113 363357426
947920133 212121187
918420049 161913346
762349109 579423079
295730358 86278655
51012635 351414110
62881406 360238591
682556548 400930360
177939501 959041443
959041443 495663780
815237354 495663780
298847968 149529199
301121014 743964028
788747781 566335054
960717624 467394002
474200265 870890141
413693950 155563035
359862144 998088985
34619887 344208944
329397334 114643916
452669174 821661928
998088985 329397334
915810780 102927334
58989187 403576983
402465429 691421046
648246943 351414110
531550620 81645722
86278655 732414029
377318672 788747781
943311504 187396350
106432048 642126894
416284710 700252725
708358146 762349109
959041443 423218820
510798488 495663780
566335054 811370581
106432048 93550560
895994270 261816258
864263181 474200265
918420049 497290808
375323331 351414110
991052892 529395444
177939501 285104692
518536122 320873909
918420049 743964028
228075611 874830533
286119915 233623007
379885978 708358146
566335054 183012988
641656890 924300533
395778283 329397334
377318672 281465853
47959781 285104692
959041443 301121014
66762194 762349109
329397334 430114938
324263415 607884716
788747781 512680278
66762194 149529199
320873909 351414110
289217729 167525330
102927334 320873909
377318672 780211526
518536122 879335850
566335054 641656890
423218820 95453027
692404853 298847968
223408014 474200265
924300533 964459194
855204778 167525330
281465853 401242414
110775844 306905531
295730358 430114938
412316204 8711543
395733649 629445204
924300533 233623007
281465853 895994270
363357426 622529738
298847968 66762194
682556548 664358060
895994270 556455598
149529199 149529199
27771208 762349109
285104692 36562962
208798265 499742388
947920133 289376487
324263415 373527362
320873909 486910196
682556548 177939501
895994270 173904308
324263415 354915605
434460439 924300533
873160854 401242414
715831938 467394002
403576983 715831938
162344041 102927334
34619887 474200265
106432048 712172714
607884716 350288596
304121679 363357426
239384698 281465853
353639419 495234915
102927334 68541203
497290808 324263415
423218820 497290808
588292051 566335054
631554522 430114938
641656890 320873909
497290808 344039071
281465853 156825256
807384924 187396350
103375395 402553483
187396350 344208944
101882977 811370581
193081972 105030504
839687690 423218820
762349109 215132041
877682364 789523123
66762194 233623007
708358146 607884716
830901377 864806636
363357426 379885978
434460439 512680278
547331417 430114938
329397334 947920133
453384544 377318672
750890035 185389631
122756484 187396350
239384698 291520478
789523123 379885978
177939501 34619887
430114938 58989187
236915677 486910196
947920133 304121679
902649916 193081972
449869124 474200265
56596720 474200265
775547187 281465853
918420049 664358060
879335850 366092122
167525330 518536122
873160854 588292051
705507347 895994270
298847968 62949714
770135991 743964028
567910383 518536122
830647462 344741644
769511927 227197281
102927334 664358060
445423507 455681344
377318672 401242414
921515292 947920133
646669179 233623007
423866347 682556548
715831938 788747781
960052898 298847968
58989187 350288596
301121014 102927334
708358146 187396350
377318672 389034802
495234915 342831183
252448380 285104692
149529199 239384698
682556548 193081972
554536999 895994270
144191251 350288596
825671385 743964028
227197281 588292051
215132041 239384698
86278655 581641805
581641805 474200265
344208944 495234915
739067257 879335850
811370581 811370581
583930040 788747781
423218820 227197281
960052898 123683133
607884716 715831938
822610737 844219042
304121679 449869124
377318672 657036655
282994744 30543073
403884192 434460439
998882523 495234915
879335850 789523123
787825281 719678546
144926279 947920133
58989187 177939501
485133372 449869124
434460439 383317552
287069580 62316959
681925094 58989187
301121014 754108205
947920133 711823812
879335850 187396350
185389631 239384698
682556548 918420049
434460439 383317552
513546957 351414110
998088985 102927334
215132041 566335054
591506457 351414110
103337266 449869124
114643916 282021267
323856506 403576983
588292051 131178127
34619887 596947524
859930615 664358060
664358060 685842481
215132041 106432048
947920133 423218820
474200265 351414110
486910196 86278655
239384698 552198344
638266494 86278655
607884716 497290808
