3100
3256
5050
4662
5050
5050
5050
4570
5050
3832
5050
4570
3622
2880
4570
5050
3006
3690
4852
5050
3760
3982
3202
2842
3832
4662
4570
4140
3556
3006
3556
2682
5050
4570
4140
2920
4060
5050
3150
2710
5050
3492
3312
2632
5050
5050
3556
2842
4950
5050
4060
4306
3690
5050
5050
3430
3150
4222
3832
3312
4950
5050
3556
3690
3760
2772
4756
2962
4392
4060
2842
3832
4222
4852
2920
3492
3556
2962
3312
3312
3430
3622
4852
3906
3006
3760
3100
4756
3906
3312
2682
4140
5050
3760
2682
4756
2880
4060
3906
3556
3982
3150
4852
3256
5050
4570
4480
3256
5050
4222
4852
2656
5050
3202
5050
2772
5050
3492
5050
3312
5050
4852
5050
3430
3370
3690
4480
3556
2962
5050
2806
4140
5050
4950
3150
3556
3906
2880
3982
4662
5050
5050
2962
2842
5050
4222
3312
4140
3832
2740
4662
3430
2920
3312
4480
3622
3556
3202
3690
4222
5050
3492
3150
5050
3832
3006
3100
4662
5050
2880
2632
3150
3006
3556
4060
3052
2740
3982
5050
3006
3100
2710
2710
4480
3622
3906
3006
2806
5050
2806
4306
5050
4060
4756
5050
5050
3100
5050
5050
3202
5050
3622
4060
2710
3760
4222
3430
4222
2880
3100
4140
3690
3430
3006
5050
5050
4570
2632
3430
5050
4060
3312
4756
5050
2880
4570
4306
5050
2880
5050
3256
4140
4756
2842
3556
2962
3832
5050
3052
5050
3370
3150
2920
4570
2710
4140
4140
2656
4662
5050
3052
4852
2740
5050
2632
4852
4222
4306
5050
5050
2656
4392
3052
3100
5050
3370
3556
2740
5050
2880
5050
3982
5050
3100
5050
3556
4306
5050
2710
5050
3100
3052
2632
5050
5050
2656
3492
2656
5050
5050
5050
4950
3622
2772
4480
3690
2656
4140
5050
5050
5050
3492
4222
3492
3622
3370
3312
2920
5050
2772
2772
4222
5050
4222
3052
4756
5050
3100
5050
5050
2740
3622
3760
3256
3906
3312
2842
5050
3370
3760
4662
5050
3492
4852
2920
3982
5050
4756
4480
2632
3100
4852
4756
3690
3906
3052
5050
3492
5050
4392
3760
4480
2632
2710
4306
3690
3982
4140
5050
2632
5050
3256
4222
4480
5050
2710
2920
4060
5050
4662
4756
4060
5050
3100
2740
3690
4480
5050
3006
4392
4140
4480
3760
4852
4950
3150
5050
3622
2656
3430
2880
2772
4756
5050
4222
2920
4140
3982
5050
5050
5050
3052
5050
4756
2880
3312
3052
4756
4570
3622
4306
4222
2682
3006
5050
3906
5050
3760
3492
3690
3832
5050
5050
4570
5050
4662
3052
4306
4306
2962
4480
5050
2656
2920
4392
3100
4306
5050
4756
4392
5050
4570
3556
5050
2710
3832
3150
4662
4306
3760
2656
5050
4222
3492
3906
5050
2740
3832
4060
3312
3832
5050
3202
4060
5050
3430
5050
2920
3370
4306
3312
4950
3832
3492
4392
3202
2710
5050
5050
5050
2710
5050
2710
5050
2842
2962
4392
5050
3982
4306
2682
2682
4480
3006
3832
4392
3906
4306
5050
2962
2682
5050
3622
4306
4570
4950
4306
5050
3832
3760
2740
2632
4662
4950
5050
4756
5050
4480
4222
3832
2880
3760
4950
3906
2632
3312
5050
4392
2710
3982
5050
4570
2920
5050
4222
3100
3492
3370
4662
4392
2656
3556
2772
5050
2772
2806
2682
3256
5050
3906
3690
4852
2682
3622
4222
4480
3556
5050
5050
5050
2772
2710
4570
4950
3492
3906
3202
4392
3052
4570
2962
3370
5050
4306
4756
5050
5050
4392
3622
3202
5050
5050
5050
2880
3690
3760
2772
3832
4570
2710
3006
4306
5050
5050
4852
2772
3492
5050
4662
2682
3312
4950
5050
5050
5050
4060
3202
4950
3906
4852
4140
2740
3556
4570
4392
2806
5050
5050
3370
4222
4060
2710
4140
5050
3150
4950
4306
4222
2920
2632
4570
5050
5050
5050
4756
3052
5050
4852
4950
4222
3370
3256
3690
2632
2920
4852
3832
4222
5050
3832
4140
4392
5050
4306
3052
2632
3492
4060
4950
3256
3982
4950
4570
4140
5050
3492
4852
5050
3202
3622
4140
3100
2920
2842
2656
2920
4060
3150
5050
4306
3492
4140
2740
3052
3622
3100
4222
4756
3256
3150
4222
3982
3430
4392
3202
5050
2772
2920
3690
3760
5050
5050
5050
3906
3906
4306
2656
2962
3256
5050
3202
3006
5050
3832
4140
4950
3202
3430
2920
3430
2682
3150
4060
2806
3556
5050
4852
4140
4392
3622
4222
5050
2710
4756
2710
3906
3690
4140
4222
3760
5050
5050
3256
3760
5050
3556
3370
4060
4480
5050
4060
3622
4480
3690
5050
3370
4392
4392
5050
2632
2632
4570
3052
3100
4222
4222
2962
2806
5050
2920
4140
3556
5050
3906
3202
3906
2682
3430
4222
2920
4222
3982
5050
4756
3906
4950
5050
2710
3556
5050
4662
2632
4756
2656
4950
4570
3556
2962
4570
5050
3832
3370
4950
2740
2772
3202
4570
5050
5050
3006
5050
3006
5050
3430
3622
3556
5050
5050
5050
4756
4306
3370
4480
4306
4852
4480
2740
5050
3690
5050
3832
3690
5050
5050
5050
2920
5050
2632
4222
2962
5050
3760
3256
5050
3690
4756
4222
5050
4392
3052
2920
3430
2632
5050
5050
4222
4662
3556
3982
4570
3312
4852
3312
3760
5050
5050
4392
3982
5050
3052
5050
4306
2842
3430
3312
4480
3760
3150
4222
5050
3906
4140
3150
2632
3256
3312
4306
4140
3492
2772
2806
5050
5050
3906
4570
4662
4662
4060
4392
3256
4222
5050
2920
4060
3202
2710
5050
4570
5050
2710
4140
5050
5050
4140
5050
4756
2632
2880
4392
5050
3832
5050
3556
5050
4756
3202
4222
3100
2806
3690
2710
3556
2656
3556
4060
5050
5050
3256
2806
3100
5050
4852
3690
4852
4570
5050
5050
5050
5050
4140
4306
5050
3312
3312
5050
4306
4852
5050
4140
2920
3370
4480
5050
2772
3556
4140
4480
2710
3492
4222
4480
4480
5050
2962
5050
4060
3256
4060
3256
3622
3832
4662
3150
3256
4140
2740
3312
2632
3832
3832
4852
4140
4480
2842
2880
3430
5050
3052
3006
2880
