100 1000
716073473 678197959 292651396 671329333 605678137 145247100 193034011 393736636 195932025 6099975 476121456 571548130 840841654 47693924 300946849 880724014 983711079 459764223 112272992 268265715 42516653 400125572 619865132 963206682 844465949 647381020 146738302 582554862 882855622 648075906 475114096 247770693 6962751 423421158 416961353 351386917 956496395 535283737 813393708 452510676 0 0 0 0 0 0 0 0 0 0 0 0 0 0 0 0 0 0 0 0 0 0 0 0 0 0 0 0 0 0 0 0 0 0 0 0 0 0 0 0 0 0 0 0 0 0 0 0 0 0 0 0 0 0 0 0 0 0 0 0 
582217259 647381020
619865132 511653464
682671700 411586097
735868200 671329333
275032969 46150739
337294169 69363289
105829485 296366041
880724014 42516653
921901674 534113929
844465949 813393708
566437659 211801576
605678137 474043302
983711079 317928577
813393708 393736636
475114096 647381020
287028171 827636676
582554862 85293899
422304067 880724014
195932025 476121456
555717666 320591300
300946849 663049041
840841654 844465949
675412393 963206682
757816791 247770693
400125572 393736636
459764223 400125572
80332951 605678137
33806628 6099975
459764223 533714954
236160094 582554862
646704171 459764223
739610960 956496395
182643244 256031193
195932025 47693924
6099975 725041928
648075906 65146934
476121456 377161462
119697406 122484327
145247100 475114096
351386917 736548229
312334733 306965199
112272992 119762405
583756042 400125572
277855669 813393708
415457918 201987977
904570036 933943352
714569757 459764223
292651396 416961353
716073473 859062255
924194101 346227511
476121456 158762822
393736636 44335044
926056647 880724014
554940666 734802870
573799710 925638123
619865132 292651396
129906824 844465949
195932025 364695751
554000990 47693924
47693924 351386917
6962751 247770693
6203196 825364173
647381020 393736636
880724014 531669420
300946849 92636966
518755986 423421158
416961353 535283737
882855622 868368047
393736636 300946849
983711079 582554862
776133543 247770693
607290849 47693924
112272992 582554862
195932025 193034011
385802330 648075906
647381020 193034011
459764223 419265816
882855622 964587283
195932025 475114096
691103158 400125572
300946849 416961353
983711079 420111103
605678137 193034011
6099975 619865132
582554862 763161697
300946849 542633696
647381020 601715354
416961353 247770693
983711079 671329333
400125572 564816999
956496395 977857260
640341714 6099975
476121456 476121456
865706601 300946849
956496395 879278782
721712675 292651396
475114096 66365399
6099975 42516653
193034011 268265715
459764223 90738776
582554862 880724014
292651396 582554862
535283737 351386917
619865132 749981714
276383630 426755330
605678137 485186373
591728996 145247100
546988433 619865132
505653544 853626778
121150506 195932025
678197959 412735207
535283737 435033477
830975801 995191660
16125719 963206682
562891162 318090855
423421158 286765247
633617980 270690235
378169241 112272992
516709955 35563080
400125572 971215413
688456772 704303258
128658867 678197959
903018600 871815642
268265715 332326048
459764223 813393708
880724014 976106376
540925995 145247100
171219050 459764223
882855622 529590137
902189476 635139126
762358663 6962751
290792680 6099975
603449060 931488835
142674108 716073473
416961353 6099975
193034011 844465949
844465949 571548130
98029848 475114096
647381020 535283737
648075906 423421158
866337687 589466169
343132586 158129120
167030453 882855622
270424691 247770693
2748139 872785383
648075906 813393708
400125572 307224553
84221386 6099975
96809705 47693924
755646513 416961353
671329333 278614344
268265715 183810897
470339015 648075906
125126009 400125572
423421158 582554862
300946849 247770693
6099975 582554862
804706751 963206682
571548130 582554862
195932025 320234624
197331190 929017487
112272992 573710308
145247100 475114096
843433170 79368057
47693924 945507701
343273756 582554862
46465962 647381020
47693924 6099975
389017068 252857336
475114096 930866951
813393708 37726881
844465949 774076547
582554862 138307743
459764223 239108779
619865132 571548130
146738302 856315941
416961353 6423044
112272992 193034011
328256382 845461996
582554862 658219833
647381020 881205472
653444241 351386917
351386917 452381469
145247100 158348058
619865132 145247100
647381020 840841654
475114096 292651396
6962751 978081823
743837147 481713493
104032006 6962751
247770693 963206682
497078073 545521037
295310867 476121456
292651396 891410282
770522357 203323853
652547702 573407105
87462403 647381020
204327210 21634076
120581613 644075526
193034011 475114096
579326921 641389820
880724014 6962751
476121456 553421823
351386917 905932564
815757029 300946849
195932025 137492423
24788444 268265715
880724014 844465949
193034011 535283737
647381020 63084733
645569359 6099975
963206682 393736636
268265715 431545558
671329333 247770693
545001698 266571509
225929025 811913844
427188062 605678137
813393708 45273818
268265715 385894930
23554107 972106391
268265715 475114096
400125572 395072105
648075906 6962751
433749391 775339884
475114096 293596343
605678137 675326825
582554862 351386917
882187486 174197079
813393708 393736636
330533425 161865183
619865132 218407622
955605245 6099975
228441979 292651396
247770693 360139717
195932025 146738302
193034011 351386917
193034011 42516653
937817381 213435001
146738302 561266208
800500119 469642957
298621300 42516653
844465949 161919469
958109607 648075906
292651396 393736636
367679195 351386917
457615276 6099975
882855622 813393708
101359230 535283737
195932025 605678137
631785890 755885049
193034011 423421158
423421158 351386917
416961353 278251754
46507241 537357706
813393708 431051476
195932025 193034011
268265715 476121456
30003219 393736636
85770860 183242647
109580344 305902043
535283737 662440709
880724014 195932025
146738302 575546294
647381020 546520521
676343461 960970504
127355747 42516653
327231837 459764223
985329084 416961353
28088287 498720695
416961353 671329333
416961353 416961353
605678137 983711079
201111526 485498083
769869712 647381020
452250438 993799285
727479805 459764223
20664851 393736636
380455143 876513759
351386917 464474864
311505277 805258025
647381020 599002196
813393708 571548130
456923281 813393708
913644253 84626239
325789616 764549450
535283737 835295764
146738302 393736636
535283737 817881190
595121730 887872869
405661312 522431999
807594755 5014296
582554862 146738302
716073473 459764223
605678137 813393708
844465949 112272992
476121456 146738302
52298831 535283737
647381020 880724014
382504032 813215878
736728881 378900749
572891274 963659091
400125572 292651396
400125572 475114096
394176466 112272992
983711079 938670478
50551987 42516653
300946849 956496395
648075906 4525462
59034499 559456878
423421158 666558738
892110711 423421158
273684516 195932025
348678165 945076367
195932025 934398117
56547029 146738302
47693924 476121456
579359753 190585098
647381020 720506779
419186867 748698418
117458950 426503019
648478197 416961353
983711079 681957252
6099975 844465949
619865132 995743923
613940480 840841654
400125572 68338578
956496395 605678137
863230940 236084258
42516653 967227518
109399798 300946849
671329333 401730766
431431187 939457869
136380023 112272992
916072159 678197959
719222714 648075906
983711079 605678137
317422854 553046501
648075906 146738302
145247100 29560672
936878333 813393708
985908457 647381020
648075906 582554862
292651396 968052281
644886838 880724014
286348649 840841654
416961353 393736636
663810393 242324907
189558070 112272992
711533476 556269742
193034011 701009779
582554862 840841654
145247100 856385934
439806899 813393708
624241289 351386917
416961353 146738302
880724014 827269532
571548130 649987826
18042089 6099975
987715433 366717324
363457582 813393708
238078757 488809268
475114096 393736636
195932025 844248709
647381020 268265715
236265838 877818812
351386917 863660735
648075906 156928391
649797194 476121456
797892008 551625744
112272992 300946849
880724014 840841654
473383157 476121456
341643341 218040297
351386917 6099975
678197959 956496395
260029864 880724014
6962751 813393708
775580418 282082991
582554862 341969304
571548130 112272992
619865132 840841654
388963748 145247100
42474415 300946849
678197959 435522897
882855622 582554862
844465949 732801887
12284239 864213669
459764223 716073473
54952764 535283737
268265715 206739480
888942691 475114096
860276600 423421158
956496395 423421158
136631691 603020621
195932025 356420104
648075906 255952924
6099975 993125602
571548130 783041320
634897867 402914029
493170002 589128512
563316505 913734745
893450803 146738302
647620896 837756455
292651396 654668464
605678137 351386917
203524186 400125572
146738302 3014611
292651396 180818064
882855622 963206682
112272992 678197959
146738302 416961353
292651396 571548130
956496395 345537420
582554862 714245780
987744472 161437931
193034011 268265715
108239161 452976775
571548130 146738302
606081108 112272992
880724014 720590258
598823728 47693924
74171051 603862152
88445067 778706840
282595338 605678137
475114096 475114096
671329333 74457308
671329333 475114096
268265715 571548130
423421158 647381020
882855622 367559424
145247100 816307035
837198505 670503095
81757575 535283737
648075906 490159621
476121456 671329333
286750018 647381020
813393708 475114096
711615556 741323470
671329333 193034011
880724014 619865132
301847146 224302446
605678137 808654919
351386917 459764223
78923599 9661280
351386917 918321388
686273046 47693924
247770693 193034011
247770693 351386917
393736636 681424921
956496395 400125572
601146606 535283737
558033121 996573691
475114096 400125572
112272992 637374531
813393708 647381020
303535418 212804375
416961353 108231519
459764223 247770693
476121456 971049012
400125572 714743596
561640400 47693924
615830353 238790956
963206682 238947117
729057329 476121456
714950688 632799721
10712036 268265715
735496264 636734814
292651396 6962751
42516653 330906700
983711079 195932025
897769396 400125572
195932025 393736636
193034011 42516653
533236493 112272992
790848258 193034011
753389977 963206682
99683764 351386917
340683179 437321490
724997577 32044644
544350354 440317791
351386917 224146906
797554496 161227778
773491235 351386917
705050244 883064264
247770693 565304744
700142691 882855622
193034011 474818018
927234968 504602169
112272992 193034011
146738302 416961353
612553599 956496395
111993887 956496395
963206682 459764223
320935196 582554862
619865132 195932025
423421158 146738302
422437763 840841654
880724014 393736636
355738807 53701874
33880146 882855622
439571825 956496395
568991514 43541942
983711079 252916468
145247100 47693924
475114096 351386917
716073473 717984442
822341590 393736636
30191036 267257132
47693924 419315576
300946849 948295961
242603707 416961353
813393708 187277314
387912608 671329333
459764223 112272992
37999394 812762187
292651396 278400526
291055878 663972727
983711079 476121456
898931319 195932025
47693924 640550999
475114096 28809223
844465949 6099975
195932025 6099975
828391280 840841654
780086096 813393708
880724014 535283737
286199498 608651146
292651396 6099975
535283737 678197959
292651396 300946849
47073169 186650563
605678137 236712457
648075906 414988514
511213976 300127622
36661527 195932025
839430113 647381020
112272992 212036697
582149289 42516653
840841654 195932025
400125572 882855622
535283737 928923695
459764223 56070392
423421158 921497992
268265715 268265715
3221729 423421158
6962751 544394245
956496395 102217728
647381020 292651396
304017518 426167546
840841654 193827073
880724014 33608762
678197959 671329333
956496395 369621213
867408280 983711079
647381020 416961353
145247100 856590601
459764223 766516011
641066462 789878803
868197613 849880014
979649115 727722646
262232906 423421158
962721031 351386917
475114096 351386917
247770693 475114096
963206682 605678137
6099975 619865132
95799594 963206682
475114096 535283737
882855622 678197959
46137169 605678137
393554366 882855622
292651396 963206682
938548517 160613014
393736636 803054383
292651396 223146468
902679737 104726482
146738302 146738302
582554862 416961353
112272992 351386917
963206682 173746960
944910618 853905371
825386367 159048668
652922143 683119495
475114096 415006402
840841654 882855622
882855622 47693924
222877273 423421158
47693924 306740486
605678137 214948393
427580687 351386917
897790184 582554862
813393708 475114096
58420848 972826488
228657385 188110078
309420322 678197959
351386917 678197959
6099975 882855622
144719214 314615201
983711079 42516653
185613525 956496395
71709212 400125572
813393708 535283737
754791775 658536267
891566039 61685480
436975451 690376938
457503219 476121456
824013003 963206682
716073473 966821719
678197959 300946849
42516653 112272992
318286498 6099975
30657359 416961353
146738302 195932025
605678137 348315370
193034011 666859036
6962751 689156139
737401585 250448723
51506955 627483911
409267828 42516653
209704717 195932025
476121456 891890027
547764165 351386917
671329333 47693924
618229696 91366596
891471470 844465949
351991966 716073473
452039776 393736636
195932025 483490566
393736636 535283737
136511507 813393708
605678137 508899965
756414096 239520959
840900169 651583667
430235154 527576624
300946849 571548130
146738302 58524310
51944831 88888493
647381020 963206682
849803279 716073473
400125572 475114096
42516653 12283098
247770693 195932025
112272992 416961353
813393708 942069709
648075906 851239748
400125572 963206682
243661819 47693924
503439241 195932025
697366712 295554821
47693924 995178665
300946849 605678137
482559693 193034011
969485617 782393702
195854183 393736636
93874058 146738302
878403110 813393708
112272992 639142310
476121456 483635118
738049450 716073473
6962751 6099975
193034011 112272992
47693924 300946849
969204588 605678137
247770693 400125572
148539986 57657377
678197959 42516653
647381020 582554862
225595979 676094162
870698311 963206682
445701561 983711079
292651396 840841654
868213548 647381020
648075906 37787144
430436272 247770693
535283737 418073568
648075906 526323608
983711079 145247100
844465949 903475873
718733047 664156094
393736636 564305573
876104980 112272992
247770693 400125572
921486195 416961353
648075906 292651396
772920711 983711079
6099975 351386917
292651396 571548130
300946849 459764223
145247100 882855622
416961353 6099975
195932025 14524389
268265715 247770693
351386917 880724014
278050929 193034011
881445284 963206682
102381512 214393415
315326149 423421158
716073473 475114096
313112313 880724014
300946849 152468380
297747730 649886684
533984774 450982703
881383407 871077297
956496395 963206682
619865132 351386917
323435130 393736636
244054279 535283737
803887040 882855622
351386917 840841654
907095285 307262630
300946849 813393708
636700449 582554862
898886251 930757452
880724014 678197959
112272992 195932025
400125572 619865132
298715591 963206682
400125572 678197959
497300853 648075906
268265715 616205199
956496395 190672883
648075906 605678137
292651396 47693924
423421158 716073473
486646113 459764223
561801067 31658080
880724014 459764223
6099975 765575110
268265715 840841654
640523989 983711079
430338554 195932025
247770693 247770693
31156156 351386917
648075906 146738302
351386917 90782051
840841654 827537081
42516653 956496395
6099975 495056023
963206682 300946849
619865132 535283737
231582737 261513343
816088532 631497680
311464009 619865132
678197959 983711079
295845250 5640191
423421158 880724014
648075906 195932025
979802193 476121456
351386917 648075906
578195381 77996705
702805398 476121456
475114096 47693924
145247100 989986859
983711079 6962751
252155164 196273368
895707168 42516653
582554862 42516653
882855622 351386917
385168118 515954379
411431207 813393708
813393708 387757212
193034011 571548130
571548130 813393708
214454555 647381020
840841654 400125572
327720440 195932025
882855622 27301823
61853841 6962751
604552905 754049678
393736636 535283737
188690593 6099975
840841654 475114096
278784530 95797513
535283737 844465949
198697208 963206682
840841654 667080738
105195655 956496395
844465949 605678137
195932025 459764223
381777734 648075906
195932025 258372322
24093924 571548130
575199772 124004553
400125572 844465949
300946849 678197959
716073473 242312268
547496218 580253886
391254728 351386917
459764223 351386917
760644212 925355841
195932025 605678137
906628141 813393708
292651396 134543859
535283737 614444814
716073473 988470148
605678137 418310814
459764223 66302162
6099975 813393708
423421158 813393708
782121127 36137161
393736636 400125572
42516653 753143724
476121456 6099975
689985682 416961353
292651396 956496395
414401065 963206682
605678137 704951761
470129365 678810519
622269907 203916752
485014139 582554862
573678732 863523642
582554862 933081883
336190902 656520516
292651396 619865132
983711079 658901932
47693924 247770693
202690107 99754947
180405768 437560161
189279312 397378171
963206682 146738302
459764223 6099975
605678137 647381020
393736636 47693924
527873684 393736636
963206682 647381020
986179601 145247100
416961353 404840351
987774185 429599021
423421158 459764223
751808866 563500067
292651396 983711079
215894541 880724014
563636401 273576163
169297678 705548488
171482469 928993125
648075906 491936485
230553236 419456831
813393708 908289564
671329333 840841654
277082265 882855622
220816671 133879111
671329333 112272992
619865132 73161018
945589688 253848280
880724014 673434530
146738302 648075906
195932025 394082455
145168927 314966856
307691624 193034011
146738302 736183241
219674937 648075906
6099975 648075906
102910759 813393708
736213554 268721116
572309493 447674404
996606979 195932025
449684077 671329333
581538257 459764223
250231074 571548130
963206682 882855622
365079154 400125572
267137135 678197959
400125572 92892167
300946849 567002301
234444905 334026255
877876870 206217461
146738302 423421158
225257146 571548130
611213203 430482057
146738302 794267975
179601315 973574668
476121456 292651396
351386917 671329333
599303302 268265715
400125572 99032815
145247100 655429282
678197959 983711079
844465949 444827792
117743828 195932025
439922191 761042284
840841654 295764721
436182468 6099975
416961353 6099975
162101995 813393708
619865132 328396126
716073473 619865132
268265715 582554862
58444101 6099975
875775162 112272992
162547001 423421158
6962751 429509077
394958114 474257305
54895766 517339031
608409517 840841654
6962751 535283737
292836063 671329333
580877713 671329333
813393708 582554862
980449877 193034011
614810725 619865132
5616808 195932025
476324772 314318627
648075906 30676480
73103232 476121456
968552146 963206682
692400041 351386917
123488731 564660181
756355238 605678137
562485512 324006279
351386917 165137907
535283737 582554862
963720941 640410231
670429752 568321875
459764223 393736636
853025055 634737153
292651396 72435409
813393708 174884135
475114096 566911305
365720888 193034011
621459278 726218491
400125572 393736636
476121456 476121456
459764223 145750416
13792306 479474853
844465949 582554862
146738302 292651396
459764223 195932025
842435023 647381020
860476601 6962751
300946849 475114096
351386917 670717362
414329422 459764223
261494007 535283737
902087916 459764223
718092263 476121456
56856775 575965327
372683269 493485398
97305643 619865132
842876986 6962751
351386917 6099975
799899031 583581282
648075906 247770693
142235285 880724014
648075906 582554862
605678137 771594813
624361402 504815365
783016610 862523294
768569242 252330635
15275248 246461193
6099975 3071484
393736636 900179613
65415629 740554029
300946849 956496395
400125572 279943736
213074404 64116895
393736636 670039116
983711079 112272992
475114096 475114096
538031756 6099975
648075906 306389024
303868472 42516653
247770693 647381020
113278870 964744738
956496395 292651396
459764223 418341002
6099975 31338442
145247100 377290870
351386917 949717897
112272992 408296678
643778781 195932025
647381020 247770693
647381020 268265715
289935028 822984965
882855622 190791153
640165126 248900216
476121456 508674528
195932025 247770693
654411345 476121456
73828376 619865132
983711079 789581806
145247100 268265715
393736636 671329333
475114096 145247100
619865132 900841251
5594839 6099975
416961353 450082758
145247100 582554862
397867377 813393708
619865132 195932025
47693924 259286804
290618482 678197959
423421158 963206682
882855622 619865132
247770693 688249706
475114096 664114686
165077829 268265715
9635644 295041992
146738302 628976681
599685704 582554862
527541991 475114096
