2806
3430
4306
2556
4222
2590
2710
2556
2572
2842
3256
3052
5050
3312
3256
3052
2632
2530
2590
2556
2740
5050
2880
3430
3100
3100
2806
4950
2502
2842
2506
5050
5050
2572
2962
3370
3556
3906
2500
2962
2806
3906
3492
2572
2880
3256
3370
4852
4480
4662
4480
2920
4392
4662
3100
3256
2512
2740
2682
2500
5050
2500
2740
3202
3006
2556
3982
5050
4392
2880
3202
3622
2520
2542
2740
3006
2520
2682
3256
5050
4140
2842
2506
3202
5050
5050
5050
2556
2682
2610
2590
4480
3556
2512
2502
5050
2542
3622
2880
2710
4662
4060
2710
3832
3760
2842
2506
3622
2500
5050
4756
3982
2962
2506
2590
3312
2656
2572
4222
4950
4222
3052
2656
2520
4570
3006
2806
3100
2610
2610
2572
4852
2610
2962
4222
2502
2500
5050
2962
2572
3202
4852
3312
4222
5050
3982
5050
2740
2806
4852
2772
3982
3430
2772
2632
5050
4570
2502
2512
3312
2682
4570
3370
3492
2880
3622
2610
3006
2772
5050
3760
2556
4756
4306
4392
3760
5050
2572
3256
2530
3370
3312
4222
3312
4222
2656
2512
4852
2772
3150
5050
3556
2502
2530
3760
2880
2500
2500
2572
2530
3982
3556
3370
2506
3150
4392
3052
2572
2842
2880
3150
2962
5050
2656
4306
2506
3100
3256
4140
2842
2710
4222
3312
5050
4222
2572
2502
5050
3052
2806
3052
3100
4662
5050
2740
3150
3100
2556
3256
4756
5050
2740
3430
2556
3906
2530
4852
4570
2506
2556
2842
2502
5050
2542
4570
3006
3100
4852
2512
4060
3006
2842
4950
2556
2500
3370
2502
2506
2740
3006
2530
5050
3430
2842
2590
4060
3760
3492
3312
2740
4392
3100
4950
4222
2880
5050
4060
2502
4950
4060
4950
2502
4756
2806
4392
2500
4222
2710
2502
3202
4060
2842
2772
2962
5050
2502
2502
2502
2520
2530
5050
5050
3492
3312
2740
3622
2806
4140
5050
3312
4140
2806
2740
3006
2542
2506
3370
4570
2590
2740
2590
4852
4392
3312
2500
2500
2530
3982
3556
2842
2880
2572
5050
3982
4950
3370
2520
2500
4662
3370
2530
4480
2590
3556
4852
5050
2920
4950
3202
3202
3006
4140
3760
2590
5050
5050
3100
4306
4392
2556
3150
3256
2772
3430
4392
3556
2500
2772
3492
3906
2842
5050
2772
2572
5050
3100
2772
2740
4480
4480
4140
4480
3202
3982
3052
2632
2506
3430
4950
4306
3690
2556
4222
2682
2962
2710
2632
4480
2500
4480
3370
2512
4950
2506
2556
5050
2880
2740
2542
3430
2506
5050
2772
2920
2556
4756
4060
4570
2962
3832
2530
3430
2656
2500
2632
3492
5050
2806
2506
4852
2506
3492
3312
3622
2542
2572
2590
3906
3052
4852
3760
4140
4570
4756
2880
2572
3982
3690
3256
2542
2542
3492
2806
3370
3556
4756
4570
3760
2502
3312
2556
5050
2710
4392
3202
2610
2610
3256
4852
2656
5050
5050
2842
2590
3312
3982
3370
3202
3256
3256
3370
4060
4222
3760
5050
4060
4392
4222
2962
2682
4480
2880
2530
2656
4852
3760
3256
4570
5050
5050
3052
4950
2520
2512
4756
3832
2506
2530
4662
4852
3622
4480
3492
2920
2506
4852
3982
4852
2772
4480
3622
4570
2632
2962
3006
2506
3690
2512
3100
2500
2740
4662
3430
3906
2710
4222
5050
4140
3430
3760
2806
4480
2682
4480
4662
2710
3982
2590
2880
3832
4140
3256
4662
3100
2590
2502
2920
2656
2590
3256
2512
5050
4060
3150
3256
2556
3832
2632
2772
3312
2710
4480
5050
4306
2656
2740
4060
5050
3150
5050
2530
2772
5050
3430
2962
2806
2502
2572
3832
2572
2772
2512
3906
2590
5050
2530
4306
4852
3256
2740
2806
2590
4060
3202
3906
3052
4852
2962
3100
3256
2556
2880
4756
5050
2520
3556
2772
3906
3202
2682
3832
5050
3760
2500
2962
3982
3370
2572
2632
2682
4392
3906
5050
2512
2530
2500
2590
5050
2740
2880
3052
4392
2610
3982
3370
4392
5050
3052
4222
4140
4480
3906
5050
4570
2842
2520
2502
4480
4756
2590
2772
2772
3832
4060
3556
3430
3256
2520
2610
3982
2962
3622
2542
2880
5050
5050
2512
2772
2682
3256
2772
2880
3256
3100
3430
4060
2962
4480
5050
2590
2656
2512
3256
2962
3760
4756
2880
5050
2682
3906
4950
2506
2502
3430
2530
4950
4140
4140
5050
5050
3622
2500
2880
2542
4306
3202
3100
2506
2520
4950
4306
4480
2682
2682
3556
4060
3202
2520
2572
3760
4140
2682
2500
4950
2920
3690
2520
4060
2542
4222
4060
2506
5050
3150
4950
5050
2610
2740
2710
4662
3492
4756
4222
4222
2920
3256
3760
5050
2710
3202
4306
3760
2772
2772
3312
3006
3256
4392
2656
2842
3982
3982
2530
3202
4222
3312
3256
2506
3556
3052
3430
2710
4756
3100
3492
5050
3370
4306
2506
3690
4756
3760
3492
2962
4662
4140
2962
3052
2880
2772
2962
3202
5050
2842
4950
2530
2502
4570
3430
2556
2656
3832
2572
3906
2530
2740
2772
2556
2556
2772
3982
3052
4140
2682
2610
2710
2880
2610
2572
5050
3150
2740
2506
3312
4570
2512
3492
2610
3052
2502
2610
3832
4756
3832
3370
3760
2520
2682
3256
3312
5050
4662
4570
2530
4570
5050
2842
4950
2632
2880
2682
4950
3832
2740
3906
3370
2556
3492
2590
4060
4662
2880
4060
3006
2590
2542
3556
2880
2962
2500
3052
3622
5050
2506
5050
3492
2656
3100
2590
2542
4756
4570
3622
2542
2500
4852
2710
2772
5050
3492
3370
2772
5050
4852
3690
3202
3006
4852
2740
3430
4222
2806
3312
4570
2590
3256
2512
2682
2806
2556
3690
3690
3006
5050
4222
3370
3150
3492
4570
3906
2772
4060
3256
2500
4222
3202
2772
4480
2556
2506
3832
2682
4480
4756
4662
4852
3760
3370
3100
3690
2542
3760
2632
2962
4060
4222
3690
2590
5050
3006
2842
2530
4480
2682
3492
2556
2520
4756
5050
3430
5050
2520
4662
5050
2500
2512
3492
2962
2530
4950
5050
2506
3690
4756
3556
2502
4480
4392
3492
3690
