100 1000
965767130 610707366 996478886 790015252 346123238 403688978 75298594 594841014 919218667 93678702 861093218 839610433 568108866 447648914 831218772 250186141 130190769 980705713 275369123 599807030 148000064 286396299 53097574 722049065 373441413 981256092 852983937 112698078 333680028 152890524 541214569 896434485 415671138 756834760 547376571 724500414 142964860 947946114 491604246 84002308 655800867 840555429 119985346 629200131 311604170 992217796 352258856 558334842 230240890 58521108 376034171 220135738 571166228 106418135 160114206 471457472 450135184 203130395 143961487 525757736 322765526 324954026 123380092 581145659 99289827 781099411 156470100 743795274 711590653 698873217 79178352 674865195 919366889 879968442 224774476 182589307 817067051 365158531 570667960 332966630 480241191 268321979 0 0 0 0 0 0 0 0 0 0 0 0 0 0 0 0 0 0 
743795274 499990862
919218667 333680028
286396299 152890524
324954026 275369123
919218667 614650505
84002308 480241191
99289827 449939672
786640580 119985346
611135845 840555429
711590653 72481322
203130395 480241191
879968442 708931992
738996655 782418618
831218772 142964860
53097574 715330801
504011112 879968442
376034171 839610433
75298594 123380092
927466287 655800867
293640081 203130395
861093218 992217796
912286944 84226657
392731823 698873217
247160928 599807030
981256092 901722391
947946114 581145659
469247864 415671138
965767130 917685123
346123238 106418135
570667960 352258856
160114206 75298594
847446421 290559391
691651514 172622553
547376571 817067051
965871775 333680028
415671138 839610433
981256092 594841014
53097574 724500414
123380092 568108866
282502045 674865195
415671138 521963136
675750142 568108866
655800867 286396299
143961487 648755148
541214569 707990527
817782242 53097574
85760031 332966630
332966630 365158531
879968442 332966630
450135184 322765526
230240890 119985346
79178352 575907291
79178352 365158531
790015252 653466822
224774476 230240890
596127801 365158531
294114522 106418135
610707366 743795274
471457472 275369123
64596821 58521108
269638691 202563920
376034171 344333846
781099411 456102965
947946114 447648914
919366889 713844656
629200131 965767130
963852257 839610433
618525723 930929865
134918949 75298594
698873217 491604246
722049065 950165190
599807030 996478886
568108866 143961487
450135184 489092215
352746160 547376571
220135738 722049065
322765526 403688978
886614281 142964860
218836265 53097574
72552650 978664287
919366889 123380092
491604246 75298594
568108866 781099411
879968442 58521108
138074600 283225357
823496487 674217722
678167299 742434856
329933219 119985346
581145659 195865433
541464378 84002308
525757736 753495374
927446523 403688978
376034171 415671138
781099411 275369123
781099411 447648914
161160834 272385706
629200131 600561061
130190769 169127945
566748342 541214569
53097574 143961487
839610433 250186141
861093218 242204089
250186141 220135738
919366889 143961487
250186141 541214569
896434485 656234413
571166228 353161473
84002308 450135184
275369123 698873217
984848697 356763561
996478886 397030522
749188405 839610433
293137784 674865195
250186141 581145659
655800867 746510924
286396299 629200131
599807030 203130395
324954026 599807030
123380092 106418135
879968442 224774476
919218667 257483887
879968442 230562896
250186141 106418135
689240761 160114206
346123238 426802530
430509501 112698078
558334842 831218772
978150431 224774476
84002308 682188200
98311485 322765526
840555429 665613248
581145659 324954026
840555429 610707366
626494729 333680028
53097574 896434485
209009666 220135738
376034171 890583448
258281442 472442105
433382431 333680028
840555429 284165747
896434485 471457472
58521108 220135738
627157823 286396299
992217796 142964860
919366889 919366889
756834760 992217796
548643560 785727022
37164501 547376571
743795274 391924013
332966630 365158531
722049065 203130395
687772355 839610433
896434485 839610433
365158531 629200131
324954026 42946124
897319680 590009871
711590653 879968442
324954026 93678702
106418135 405672697
980705713 84002308
403688978 698873217
996478886 594841014
33435680 332966630
541214569 58521108
846285472 698873217
148000064 947946114
599807030 480241191
58521108 365158531
780209920 156470100
635413626 180785293
324954026 352258856
582176976 119985346
781099411 711590653
230240890 450135184
84002308 415671138
447648914 333680028
746560839 933070140
142964860 570667960
167115948 365158531
450135184 839610433
152890524 919218667
903298536 570667960
447648914 346123238
286396299 153630927
357588798 919218667
947946114 588796053
861093218 203130395
599807030 980705713
156470100 415671138
152890524 160114206
901458286 353698112
919366889 160114206
230240890 437645965
329368270 471457472
831218772 809154006
393091589 698873217
374909447 376034171
58521108 52350541
322765526 610707366
450135184 839610433
852983937 831218772
724500414 106418135
13463871 332966630
558334842 407342551
568108866 947946114
122427896 75298594
487529423 879968442
143406896 840555429
685855650 711590653
852983937 203130395
130190769 840555429
840555429 79178352
247542105 134119323
947946114 528268031
947946114 992217796
571166228 346123238
403688978 896434485
365158531 711352135
93678702 109744099
326219135 711590653
74821241 99289827
919218667 544030401
332966630 965767130
833455189 584156417
570667960 698873217
236349704 840555429
910602729 220135738
234409359 96967633
230240890 286396299
332966630 352258856
926608046 879968442
981256092 846815043
182589307 674865195
767821617 662395703
493681761 547376571
919218667 756834760
286396299 558334842
119985346 873004326
629200131 148000064
873954778 996478886
408786709 521367277
919366889 947946114
779211882 480241191
610707366 311604170
781099411 571166228
322765526 250186141
373441413 53097574
681923250 346123238
839422921 558334842
238810457 203130395
357708781 711590653
230240890 3257956
501144404 17289125
450135184 954959872
852983937 286396299
152890524 610707366
563957033 224774476
781099411 743795274
141059694 352258856
861093218 508845076
480241191 571166228
831748211 711590653
152890524 541214569
993702861 203130395
831218772 781099411
655800867 599807030
106418135 610707366
275369123 156470100
99289827 152890524
286396299 58521108
311604170 698206181
31428630 32673784
480241191 828213783
725025137 711590653
403688978 352258856
286396299 415671138
203130395 919366889
790015252 53097574
899369435 570667960
781099411 353197575
790015252 861093218
250186141 840555429
711590653 698873217
142964860 992217796
790015252 547376571
708332685 194836252
947946114 852983937
610707366 106418135
230240890 58521108
781099411 817067051
831218772 447648914
143961487 93678702
156470100 698873217
743795274 183271592
594841014 965767130
480241191 541214569
106418135 123380092
541214569 156470100
123380092 861093218
230240890 373441413
99289827 106418135
130190769 230240890
457525111 756834760
961592623 333680028
226725174 821017297
152890524 570667960
831218772 156470100
474972393 230240890
992217796 394148130
817067051 896434485
692891041 736086786
34664740 13525547
919366889 106418135
286396299 860416520
547376571 304117911
119254142 130190769
415671138 843844824
152890524 84002308
4574357 188310041
106418135 896434485
93678702 905090713
311604170 365158531
426393358 547376571
305582980 919366889
674865195 831218772
468161264 558334842
827014601 148000064
839610433 130190769
655800867 126322022
35554964 547376571
130190769 817067051
541214569 333680028
373441413 896434485
220135738 152890524
376034171 965767130
986579882 376034171
112698078 919366889
373441413 142964860
980705713 910411005
776083013 711590653
698873217 147799151
346123238 352258856
806507137 717129302
203130395 698873217
294993756 965767130
831566680 332966630
817067051 286396299
743795274 130190769
415671138 142964860
412543852 148000064
203130395 568108866
478589643 403688978
525757736 361557292
75298594 373441413
919218667 75298594
164502435 489725923
311604170 224774476
980705713 130190769
992217796 286396299
142964860 322765526
771818570 919366889
123380092 571166228
831218772 819148277
333680028 698873217
457997838 968755746
705599216 478752288
981256092 104575612
919366889 480241191
156470100 525757736
203130395 831218772
182589307 615560526
53097574 100362605
919218667 119985346
941046260 480241191
879968442 480241191
123380092 480241191
773384510 376034171
275369123 571166228
512619579 275369123
756834760 148000064
84002308 594841014
352040479 803537139
426880831 756834760
599807030 570667960
733197644 923565907
840555429 250186141
879968442 84002308
781099411 49581688
896434485 947946114
112698078 756834760
81661128 93678702
839610433 980705713
313318464 817067051
599807030 594841014
852983937 903779933
324954026 698989147
160114206 75298594
112698078 594841014
879214908 965767130
756834760 840555429
250186141 122439854
203130395 824918651
852983937 980705713
365158531 655800867
148000064 58521108
792192473 724500414
491604246 365158531
447648914 599807030
847969118 376034171
403688978 534193555
996478886 722049065
919366889 981256092
6887345 965767130
571166228 334965752
755068837 203130395
577654397 875993848
919218667 570667960
781099411 145888328
919366889 333680028
469470919 599807030
571166228 162221438
313928543 628491051
453963608 156470100
562621167 152890524
581145659 403688978
996478886 980461485
152890524 655800867
286396299 852983937
558334842 275369123
447648914 712245853
13105259 471457472
480241191 481520374
123380092 485045010
376034171 965767130
919366889 861093218
93678702 333680028
719718517 798037376
743795274 161152804
450135184 919218667
839610433 447648914
213881174 571166228
84002308 148000064
824549489 570667960
571166228 724500414
965767130 311604170
840555429 471358056
655800867 398779880
831218772 610707366
329001547 852983937
994446443 610707366
831218772 487086897
809600960 93678702
58521108 160114206
581145659 322765526
541214569 782286408
143961487 944248183
491604246 376034171
119985346 852983937
156470100 629200131
629200131 699528064
99289827 594841014
275369123 334095953
743795274 309949940
148000064 98390516
629200131 981256092
450135184 106418135
435550044 346123238
831218772 347668244
844809547 230240890
311117208 570667960
250186141 879968442
209793503 12373609
99289827 147440597
919218667 250186141
376034171 224774476
480241191 599807030
322765526 587139114
365158531 177525894
373441413 852983937
980705713 471457472
880232430 40489875
791434928 991596681
558334842 250186141
453779604 525757736
525757736 947946114
947946114 58521108
374676942 148000064
817067051 934491480
541214569 106418135
119985346 781099411
333680028 594841014
861093218 617568846
303089146 919218667
890844545 831218772
422431598 502618848
480241191 698873217
75298594 571823839
480241191 674865195
724500414 99289827
436612202 581145659
999213577 403688978
447772177 698873217
573340608 471457472
919218667 674865195
130190769 275369123
861093218 981256092
723249566 365158531
724500414 655800867
297988762 494887420
721875700 184231230
352258856 599807030
250186141 831218772
852983937 919366889
99289827 980705713
996478886 408534033
160114206 655800867
239262302 558334842
581145659 594841014
275369123 831218772
879968442 182589307
919366889 471457472
665852099 403688978
143961487 84002308
182589307 346123238
376034171 996478886
610707366 533743802
839610433 114556284
610707366 252711932
756834760 58565571
403688978 877217008
322765526 629200131
17121065 346123238
287817059 324954026
674865195 328124802
450135184 333680028
558334842 164997765
479592998 250186141
403688978 525757736
25062919 224774476
781099411 250186141
817067051 861093218
376034171 160114206
996478886 53097574
321319132 568108866
376034171 831218772
488559137 919218667
7095963 533332300
16026020 93678702
547376571 831218772
346123238 599807030
492227772 415671138
333680028 547376571
812651488 581145659
547376571 333680028
450135184 571166228
142964860 919366889
655800867 333680028
250186141 182589307
839610433 119985346
538184987 447648914
844044323 93678702
610707366 332966630
790015252 109890688
376034171 373441413
655800867 297317773
450135184 594841014
478979224 152890524
930518159 947946114
817067051 130190769
359090696 53097574
352258856 118963410
151052610 284607654
831218772 981256092
182589307 484053321
610707366 332966630
182589307 415671138
93678702 722049065
491604246 142388961
648084824 156470100
841828064 570667960
839610433 558334842
58521108 471457472
476939090 396232236
879968442 781099411
615165085 947946114
93678702 182589307
525757736 230240890
99289827 99289827
182589307 622112239
674865195 674865195
737599623 311604170
610707366 724500414
746569126 147897150
238893040 599807030
510952097 333680028
450135184 722049065
220135738 518737132
140218881 143961487
447648914 255606152
346123238 352258856
547376571 711590653
341143267 106418135
220135738 99289827
852983937 743795274
263771435 607378946
311604170 340975979
322765526 571166228
852983937 373441413
365158531 724727236
861093218 992217796
634093538 743795274
525757736 276858605
182589307 99289827
286396299 992217796
220135738 491604246
879968442 596189776
722049065 286396299
618160028 333680028
359086331 981256092
480241191 996478886
946573552 203130395
698873217 974272482
832763769 996478886
593310654 524557176
781099411 599807030
781099411 558334842
370002122 156470100
220135738 99289827
207801020 722049065
332966630 119985346
525757736 992217796
413761035 883458378
143961487 879968442
781099411 250186141
629200131 831218772
106418135 840555429
980705713 491604246
480241191 286396299
324954026 91197299
541214569 743795274
75298594 873422511
106418135 655800867
154103162 597226583
919366889 981256092
996784967 471457472
7117645 58521108
525757736 916884457
401056375 937302976
821339377 547376571
254769936 541214569
981256092 571166228
743795274 322765526
919366889 415671138
992217796 756834760
148000064 700626545
75298594 420630751
579570029 648704757
51040973 879968442
286396299 541214569
722049065 447648914
224774476 711590653
629200131 541214569
366552089 354569096
558334842 119985346
735457782 711590653
992217796 418338207
230240890 831776046
698403199 403688978
84002308 142964860
112698078 711590653
480241191 447648914
947946114 674865195
220135738 781099411
547376571 992217796
980705713 414545024
450135184 142964860
53097574 225226377
160114206 963399233
322765526 59249094
322765526 919366889
152890524 965767130
275369123 610707366
657222740 629200131
980676963 541214569
273859656 481055433
268272229 348411233
324954026 594841014
840555429 182589307
541214569 743795274
277592160 365158531
156470100 839926203
980705713 230240890
250186141 491604246
346123238 332966630
599807030 768559164
352258856 203130395
674865195 582234812
711590653 123380092
947946114 947946114
655800867 942399966
698873217 75298594
919366889 275369123
947946114 831218772
333680028 163457473
93678702 373441413
414474325 996478886
541214569 558024254
156360948 280804523
142964860 170495374
896434485 311604170
861093218 839610433
458934235 558334842
93678702 143961487
112698078 594841014
159680957 471457472
965767130 425877924
866434982 93678702
981256092 250186141
553524588 65827919
332794582 507714834
119985346 981256092
373441413 182589307
610707366 674865195
75298594 581145659
541214569 491604246
817067051 622612842
173099133 981256092
75298594 525757736
896434485 365158531
892966727 965767130
182589307 743795274
286396299 112698078
12595451 142964860
142964860 737925750
261392264 980705713
674865195 322765526
79178352 352258856
966255357 992217796
275369123 322765526
220135738 142964860
450135184 352258856
142964860 899814486
376034171 95176761
581145659 123380092
19601992 79178352
480241191 99289827
40473490 992217796
250186141 852983937
629200131 172963199
919218667 687643322
804332202 861093218
571166228 501961826
775929870 369149995
430441971 373441413
756834760 547376571
751609481 718094685
743795274 75298594
182589307 93678702
919366889 594841014
790015252 424484673
182589307 450135184
781099411 123380092
58521108 143961487
93678702 965767130
160114206 373441413
123380092 84002308
831218772 154471636
107864941 806653834
99289827 724487053
311604170 711590653
575891458 594841014
53097574 947946114
782933605 756834760
698873217 724500414
346123238 852983937
743795274 84002308
570667960 471457472
847725077 75298594
123380092 79590223
609154536 711590653
755745404 839610433
376034171 491604246
698873217 447648914
992217796 698873217
547376571 981256092
831218772 142964860
373441413 610707366
558334842 66537714
224774476 450135184
241909992 852983937
481795226 480241191
224774476 93678702
996478886 184775131
450135184 541214569
275369123 495136665
610971262 774490038
524299208 332966630
743795274 525757736
480241191 415671138
861093218 852983937
599807030 53097574
831218772 617105681
182589307 450135184
203130395 333680028
84002308 724500414
852983937 142964860
365158531 230240890
270320866 879968442
558334842 570667960
610707366 711590653
686877554 333680028
722049065 884259243
631613947 677028716
491604246 79178352
896434485 541214569
581145659 275369123
130190769 711590653
929787714 346123238
711590653 230240890
965767130 143961487
722049065 324954026
130190769 541214569
403688978 558334842
571166228 84002308
610495191 471457472
839610433 365158531
581145659 152890524
203130395 374290031
581145659 148000064
447648914 480241191
525757736 558334842
447648914 655800867
581145659 879968442
302636962 581145659
322765526 225702002
781099411 965767130
698873217 145968145
919366889 839610433
610707366 629200131
914891905 982586331
547376571 525757736
543646202 547376571
795302377 558334842
346123238 852983937
992217796 376034171
693401227 352258856
852983937 594841014
93678702 79178352
599807030 352258856
852983937 182589307
594841014 558334842
145659408 447648914
471457472 143961487
123380092 817067051
790496751 148000064
599807030 346123238
203130395 996478886
581145659 852983937
573309408 53097574
757472096 286396299
390428963 60716572
996478886 75298594
346123238 739348205
311604170 553541790
106418135 230240890
439387563 571457033
558334842 250186141
142964860 724500414
46764738 491604246
541214569 453655527
610707366 781099411
106418135 160114206
947946114 220135738
922742930 781099411
992217796 143961487
722049065 311604170
203130395 736661011
599807030 491604246
525757736 128569768
311604170 756834760
743795274 581145659
541214569 784985625
112698078 130190769
112698078 971117645
711590653 919218667
203130395 965767130
148000064 491604246
301938608 698873217
674865195 119985346
831067791 376034171
813877328 879968442
130190769 573245512
33440910 513859630
839610433 99289827
235480661 698534061
275369123 948980757
877537120 123380092
224774476 933139616
711590653 919218667
914791599 450135184
182589307 570667960
182589307 79178352
373441413 840555429
629200131 683438438
376034171 156118684
471457472 203130395
99289827 437486068
667761810 156470100
586694594 138336664
831218772 756834760
996478886 722049065
156470100 117146411
324171400 327169016
571166228 160114206
322765526 311604170
722049065 415331780
220135738 722049065
599807030 980705713
781099411 109173231
99289827 311604170
447648914 53097574
743795274 137266117
286396299 425063351
373441413 599807030
919218667 711590653
53097574 960665555
698873217 53097574
84002308 996478886
992217796 570667960
203130395 315725619
996478886 275369123
525757736 182589307
112698078 233072334
303728067 659245052
919218667 72347793
823864160 148000064
376034171 981256092
34480515 275369123
992217796 655800867
568108866 971891910
346123238 674865195
852983937 250186141
53097574 90753501
722049065 224774476
919218667 765033378
181744694 817067051
547376571 711590653
106418135 558334842
275369123 324954026
332966630 896434485
203130395 629200131
84002308 996478886
743795274 879968442
311604170 840555429
119985346 491604246
341775074 610707366
324954026 352258856
371655898 332966630
450135184 541214569
99289827 480241191
34390910 450135184
450135184 674865195
324954026 307339123
674865195 920270992
839610433 965767130
123380092 674865195
106418135 698873217
346123238 99289827
817255614 275364455
919366889 740459794
896434485 240588878
879968442 980705713
633518891 403688978
581145659 506431958
611470664 275369123
346123238 558334842
879968442 275369123
980705713 831218772
941744029 455192154
304030666 599807030
669035313 379216600
992217796 415111019
160114206 376034171
150301029 19050533
996478886 571166228
324954026 594841014
471457472 224774476
550061055 333680028
311604170 936788352
99289827 781099411
740856811 312107451
715179052 571166228
726610359 250186141
996478886 171907496
558334842 781099411
980705713 698873217
403688978 401881083
724500414 119985346
698873217 376034171
491604246 53097574
