0 0 300 100
35 72
97 44
68 33
27 50
5 99
15 10
56 89
76 28
26 20
32 71
54 47
35 59
10 10
33 40
37 28
1 14
5 17
55 85
52 21
68 69
56 32
72 2
75 59
82 66
49 24
70 30
21 14
99 66
40 55
39 39
53 4
17 33
59 5
10 2
59 25
80 44
13 72
58 45
12 77
88 1
19 4
41 73
36 30
64 79
89 65
36 54
78 4
8 71
36 3
98 78
100 27
13 26
51 32
17 46
96 85
50 54
40 34
59 93
35 25
39 62
54 34
49 46
30 63
17 47
90 77
40 92
25 29
31 18
47 86
86 39
10 92
14 79
66 97
85 24
83 51
63 39
91 41
16 15
59 5
92 20
76 88
97 23
60 17
47 98
100 73
90 92
79 2
82 28
67 89
6 71
11 94
60 67
88 76
41 65
53 64
15 47
14 97
89 97
27 92
48 39
11 94
72 17
6 78
97 82
74 10
24 70
2 30
11 9
41 92
43 89
67 98
16 15
83 73
73 96
33 83
82 63
6 82
63 89
45 37
28 22
73 13
93 69
99 31
3 37
87 89
81 35
9 18
51 62
68 1
96 87
80 98
37 3
84 29
56 63
52 86
26 80
26 94
60 13
26 87
22 73
41 77
27 37
4 79
62 3
34 30
80 68
10 49
55 56
52 7
57 44
52 62
79 23
33 6
87 2
42 16
10 15
82 99
60 91
18 8
50 42
83 38
23 70
47 71
10 4
35 48
63 19
91 23
22 58
78 88
41 45
16 74
94 11
54 64
11 66
91 11
95 46
9 96
66 55
27 7
95 39
62 23
74 81
61 89
12 46
74 57
22 20
38 61
57 23
40 63
61 41
25 72
65 47
58 43
1 49
91 5
70 54
68 66
59 59
67 55
64 25
14 8
8 98
18 52
82 83
75 15
3 4
26 68
9 77
91 7
46 42
82 34
82 98
57 44
97 10
37 52
64 5
45 20
81 39
95 70
83 56
82 71
98 98
4 87
45 72
75 95
28 80
95 63
60 75
21 31
26 24
82 10
48 14
77 48
87 86
91 24
73 46
74 77
83 50
92 19
22 32
34 87
70 62
35 6
48 18
30 43
9 78
7 3
40 53
92 91
99 1
50 13
59 2
6 7
58 53
89 77
2 64
63 20
19 63
11 9
94 49
60 99
61 37
55 97
4 50
70 45
9 3
70 11
85 76
81 70
94 93
48 76
85 74
39 28
50 58
73 32
20 53
20 64
7 23
70 89
90 69
46 17
34 73
49 9
37 9
35 32
2 19
5 30
71 58
83 61
100 2
22 73
54 44
21 7
68 61
18 23
63 18
94 14
97 67
95 14
4 1
74 22
24 55
29 11
12 12
80 23
54 22
9 52
12 68
54 55
67 23
63 66
94 16
21 53
6 92
43 20
36 9
70 23
64 37
66 12
74 20
49 29
47 47
56 55
81 95
46 25
37 83
52 76
5 65
83 15
78 49
12 7
82 56
69 11
42 71
21 56
26 91
93 48
14 36
94 8
73 20
49 14
58 41
38 71
23 67
99 24
85 9
43 10
85 39
56 47
5 36
87 36
20 58
25 3
33 40
21 65
59 12
85 70
61 22
17 61
6 51
41 63
33 73
95 90
61 80
73 89
53 8
67 84
69 5
38 31
80 83
73 42
53 62
49 63
62 56
21 23
16 30
85 21
4 7
91 45
37 53
85 45
83 94
42 6
59 78
81 40
33 8
72 41
16 44
81 63
28 63
4 36
63 97
10 69
23 45
40 11
66 46
99 77
82 64
27 65
84 71
