2857 6
6 502
2 733
2 986
2 378
6 296
3 319
1 882
4 237
3 934
2 834
6 842
6 714
6 806
1 959
5 795
4 215
3 19
2 961
4 542
3 860
2 919
4 965
1 618
6 337
6 765
1 633
6 938
1 146
2 59
1 865
5 270
6 853
1 377
2 348
1 503
3 106
6 88
3 925
5 623
1 960
1 783
2 49
6 642
1 518
4 1
5 609
1 813
1 262
1 978
4 459
2 519
2 604
4 986
6 663
2 493
1 698
3 566
2 698
5 292
1 612
6 948
6 267
6 33
6 301
3 841
1 193
2 674
1 965
3 676
6 618
2 952
2 794
5 766
1 429
2 57
6 53
5 611
3 116
2 199
5 356
4 526
5 397
5 696
1 562
3 43
1 242
3 198
3 864
6 229
5 724
4 683
1 640
5 95
1 640
3 170
1 683
5 895
2 598
3 496
6 16
5 41
1 532
3 643
3 905
6 390
4 507
6 404
4 717
6 253
2 494
4 54
6 173
6 958
1 241
6 280
4 991
4 864
6 614
5 973
4 80
2 498
3 434
4 436
2 102
5 209
2 813
3 122
6 914
2 106
5 884
4 762
1 761
2 100
4 483
6 244
6 785
6 852
5 346
6 71
3 326
6 746
4 245
4 475
6 299
6 15
2 21
3 760
3 753
5 154
6 634
6 500
3 491
2 988
6 637
4 635
3 393
3 804
4 600
4 498
2 561
5 135
4 640
2 361
3 456
3 330
5 616
4 859
4 532
6 645
4 959
1 186
5 364
5 691
6 618
2 916
6 52
1 111
5 296
5 434
3 41
4 192
4 943
6 465
4 599
5 698
5 93
2 612
4 223
6 122
5 842
1 721
5 438
3 583
4 6
6 484
5 130
4 406
2 428
6 602
3 683
3 638
5 885
5 286
1 903
2 298
2 795
5 988
4 553
4 317
4 289
4 307
4 178
1 193
6 286
6 686
6 796
6 447
4 572
2 138
3 491
3 921
6 157
5 221
4 829
1 618
6 41
1 238
3 988
5 527
3 928
2 944
4 536
3 107
1 474
6 285
5 383
5 304
5 465
3 247
6 414
4 114
1 140
5 24
1 485
1 103
2 763
2 840
6 788
1 108
2 542
5 280
3 949
1 463
4 459
4 57
6 277
6 678
5 873
5 598
2 603
5 121
4 98
3 366
4 610
5 849
6 217
1 75
4 62
5 929
2 303
5 744
3 507
1 51
4 826
4 440
6 700
3 497
6 224
5 385
1 39
4 335
4 712
3 772
5 651
1 293
5 38
2 235
1 161
2 627
4 285
6 766
6 329
6 132
4 179
4 736
3 100
1 825
6 832
6 935
2 648
1 138
2 968
4 285
3 361
3 466
1 680
6 980
5 196
2 912
5 330
3 591
3 717
2 943
1 363
2 733
6 456
3 399
1 946
6 551
4 945
4 950
5 598
1 983
6 743
2 870
3 541
3 204
2 579
3 509
5 374
2 655
3 463
2 252
2 439
3 713
6 521
4 710
2 294
4 614
4 586
4 811
6 648
6 86
2 863
6 167
3 187
1 417
3 577
1 408
6 526
5 749
2 485
6 516
4 501
2 517
5 965
4 915
3 396
6 189
1 946
2 197
6 879
1 484
1 986
1 469
1 714
4 557
5 378
1 327
3 906
6 316
3 873
6 833
1 583
4 229
4 80
4 364
5 391
6 413
3 794
3 238
3 802
1 57
5 219
6 409
1 930
6 697
5 307
3 774
4 253
6 768
3 779
5 290
6 34
3 544
2 286
3 685
1 928
6 970
2 476
5 973
3 454
6 910
1 549
3 1000
6 389
1 485
4 954
3 336
1 179
2 165
2 12
1 255
6 942
5 788
2 305
1 525
5 132
6 574
6 821
5 185
3 45
6 376
5 146
2 689
1 941
5 491
5 54
6 947
1 672
1 764
3 198
4 791
2 75
1 713
3 289
1 104
5 269
2 683
3 541
3 89
2 575
5 489
2 676
6 976
3 522
1 676
2 379
3 752
3 181
2 700
1 713
6 154
6 633
1 395
6 558
5 357
6 415
4 465
4 633
2 789
4 234
3 576
2 633
2 417
4 792
4 283
2 270
4 837
2 624
3 778
5 771
5 369
5 332
2 626
1 976
6 821
6 230
1 174
2 723
2 28
2 58
5 74
4 449
4 581
2 197
1 957
3 844
5 503
3 862
1 194
4 895
2 398
3 762
6 690
3 865
4 702
3 730
3 600
6 388
3 954
2 242
3 551
6 939
6 964
3 534
6 988
4 523
6 903
3 12
6 119
4 661
5 149
3 298
6 921
2 984
5 622
6 136
6 310
5 929
2 225
2 133
3 889
6 653
1 938
1 736
2 892
5 228
4 138
2 493
4 563
6 284
5 53
4 59
6 196
6 338
4 449
6 687
2 125
2 833
4 356
3 470
4 667
5 991
5 575
5 566
1 663
3 672
4 971
4 428
3 717
2 289
6 234
4 207
5 667
4 124
3 958
6 620
5 290
4 780
6 445
1 352
1 546
5 821
6 105
5 386
3 364
4 338
4 354
6 659
4 934
1 745
6 375
4 219
4 678
3 232
5 47
5 581
2 958
6 813
2 353
5 234
6 224
3 18
6 819
5 300
4 810
6 347
1 112
3 551
6 267
3 263
4 717
2 257
5 597
1 735
6 267
2 369
2 243
2 771
4 414
1 166
6 818
1 110
4 429
5 717
6 146
2 359
4 175
3 887
5 36
6 423
6 292
3 496
4 177
4 948
5 39
6 516
5 976
4 784
1 637
4 802
1 832
6 347
3 480
3 128
4 205
2 521
2 693
6 382
5 985
5 163
5 793
1 231
2 655
3 876
4 218
5 776
6 894
5 406
3 354
6 239
3 435
3 758
3 478
6 700
3 172
6 837
5 893
1 436
6 432
4 190
5 45
2 50
2 439
2 310
4 340
6 54
1 11
6 253
2 653
2 950
6 518
2 140
3 204
5 309
2 590
6 988
6 166
6 571
4 845
6 100
1 132
6 958
6 315
1 629
2 217
3 143
6 67
2 496
4 560
6 961
4 357
5 135
4 337
5 830
1 289
6 365
2 81
5 913
2 587
3 66
6 823
6 889
5 193
2 215
3 244
1 253
4 475
3 827
6 445
3 344
4 585
5 505
3 85
1 116
1 310
3 825
2 92
6 726
4 154
3 739
6 115
3 349
5 83
3 103
4 183
3 611
5 857
3 135
2 884
1 963
6 782
1 677
6 205
4 860
5 342
2 106
5 294
4 100
6 333
5 254
2 1000
2 985
6 683
4 501
3 73
5 110
3 954
6 431
3 540
1 867
3 241
2 392
1 483
1 613
6 45
6 34
2 785
3 603
3 841
6 384
6 918
3 120
4 632
5 381
5 192
4 404
3 923
5 669
5 638
6 572
5 850
1 429
3 326
1 101
1 838
1 432
5 330
3 977
1 100
6 483
2 956
4 75
2 385
6 987
2 728
6 407
1 866
5 212
6 569
6 709
6 500
1 512
5 690
4 141
6 197
6 785
5 213
1 86
2 306
4 322
2 981
6 963
6 618
3 388
5 837
3 944
2 588
6 517
2 648
4 123
5 633
1 700
3 469
1 146
5 208
4 512
2 899
6 737
4 999
3 54
4 924
4 523
4 157
2 493
1 49
5 999
6 225
5 229
4 186
3 523
4 545
1 636
4 859
1 662
2 552
5 44
4 417
1 690
2 957
1 80
2 852
4 389
6 480
1 473
3 695
5 114
3 381
5 33
1 825
4 448
5 114
6 554
2 408
5 454
3 129
3 73
6 314
3 408
4 431
1 514
3 227
3 716
6 727
3 197
4 146
1 630
6 838
2 140
3 131
3 314
2 477
1 591
5 199
3 287
4 230
4 106
5 778
1 766
3 920
2 759
1 310
6 676
6 276
4 97
4 760
3 368
1 499
2 731
3 309
4 678
1 169
4 50
3 307
1 154
3 129
3 996
1 5
6 642
4 838
4 741
4 851
1 186
6 66
6 398
2 636
6 968
1 562
5 454
3 183
6 447
2 871
5 454
5 464
4 210
2 184
6 899
4 58
1 86
6 55
6 553
6 263
6 198
5 888
4 44
4 609
4 733
6 283
5 410
2 280
3 400
4 921
6 200
6 85
5 805
3 473
5 532
1 228
3 910
6 83
4 184
1 147
6 875
6 454
6 880
1 255
6 900
2 928
2 505
1 89
5 854
1 17
6 647
2 818
4 358
6 213
2 295
5 810
1 493
6 157
1 700
2 2
1 938
1 403
1 644
5 103
6 403
3 585
4 363
5 308
3 6
6 966
3 584
6 173
5 389
1 151
2 91
1 40
6 784
1 823
3 284
6 627
1 396
5 86
3 317
4 183
6 265
2 677
3 274
2 627
3 881
4 454
1 632
5 704
2 638
3 545
1 154
6 310
1 734
4 660
4 140
2 427
3 341
2 308
6 656
6 627
1 415
6 859
4 925
3 813
5 791
3 835
3 880
3 846
1 891
6 718
2 50
6 490
1 950
1 3
5 82
6 493
5 61
2 246
4 617
1 900
4 766
3 703
6 230
5 961
2 404
3 854
3 173
1 194
6 491
5 79
5 529
1 772
5 274
4 926
3 778
2 648
5 263
4 892
1 898
2 316
6 234
1 106
4 864
5 881
5 847
3 983
4 234
5 316
1 475
2 748
3 122
2 147
1 449
3 227
5 243
6 352
5 64
1 234
2 108
5 985
5 129
6 33
4 73
1 868
3 293
4 150
3 65
2 149
1 687
1 212
3 621
6 756
6 371
5 667
1 159
3 137
5 970
4 648
3 869
5 292
1 185
6 278
4 89
1 763
2 856
5 55
3 536
6 864
2 504
4 736
4 533
6 949
6 393
3 599
6 815
5 773
6 34
5 248
2 179
4 897
4 335
4 862
4 114
3 480
5 959
5 630
2 791
1 696
2 878
2 443
1 887
3 394
2 320
6 43
5 355
4 883
1 242
3 263
6 174
6 323
1 661
5 975
4 882
3 985
3 316
2 802
6 345
6 474
2 541
5 513
1 807
4 936
5 843
2 755
1 292
6 852
2 29
3 106
4 847
4 21
5 868
6 68
5 722
2 579
5 409
3 156
6 838
4 614
2 642
3 400
5 445
3 941
2 428
4 735
6 136
3 140
3 282
5 919
5 99
3 616
3 940
1 73
3 214
5 160
1 406
4 844
6 161
6 675
1 829
4 214
3 516
3 671
3 263
3 503
2 85
6 572
2 241
6 504
6 34
4 13
2 222
1 641
3 991
1 322
1 76
3 487
3 591
5 92
2 745
3 270
3 64
6 557
6 188
4 461
5 723
3 365
3 32
6 31
6 320
5 193
1 591
1 41
2 835
5 90
3 430
1 463
1 903
4 148
6 431
1 15
5 785
2 801
3 384
5 190
2 239
5 153
5 412
2 713
6 677
2 880
2 864
2 950
3 713
5 208
4 408
2 647
6 953
2 360
1 982
6 742
4 282
1 752
1 438
6 642
3 970
4 923
6 214
4 951
2 672
6 420
5 436
6 623
2 218
1 427
2 882
1 123
4 765
6 207
6 690
2 20
4 424
4 197
1 518
3 915
3 361
4 972
5 105
6 183
1 280
4 872
6 128
4 676
3 220
5 797
4 434
6 272
2 110
1 847
3 967
3 167
1 799
3 474
6 437
6 576
4 616
3 877
5 145
2 338
4 787
2 625
2 302
5 429
5 364
4 389
3 740
4 360
1 397
3 145
2 840
5 549
3 871
6 901
4 681
1 731
3 427
6 391
1 251
6 842
6 798
5 999
4 137
1 130
4 542
5 718
6 346
2 539
1 394
3 583
6 380
6 245
5 20
2 886
5 158
1 939
5 309
3 195
4 646
5 681
4 950
3 271
1 15
1 566
3 599
4 187
5 814
3 488
5 418
3 807
1 451
1 233
1 34
3 907
4 102
5 570
2 689
2 401
1 649
5 816
2 467
4 929
4 136
3 816
2 140
6 831
1 71
6 53
1 841
5 486
1 250
3 697
6 599
1 346
1 416
4 197
1 866
3 865
4 540
3 258
4 6
2 621
5 503
1 531
6 983
5 637
6 775
1 523
6 135
2 971
3 380
5 135
3 644
5 949
6 382
5 566
6 646
4 462
4 210
4 490
1 712
2 776
4 164
2 562
4 165
6 551
5 402
1 492
5 387
6 932
3 646
5 155
2 386
1 438
4 664
5 138
2 758
1 916
3 211
6 274
6 360
3 623
1 212
2 862
1 907
6 717
3 993
6 195
4 543
6 972
1 615
6 284
5 22
5 348
3 675
4 664
4 796
3 850
5 104
6 660
3 855
3 266
2 951
3 224
5 147
2 402
1 656
5 837
3 235
1 965
2 157
3 646
6 618
5 15
5 558
1 435
4 403
5 611
3 511
5 550
1 381
4 122
3 988
2 769
1 495
3 483
4 713
4 307
6 327
1 402
4 348
6 649
5 887
3 806
5 445
4 758
3 658
3 565
1 189
5 218
4 418
4 38
4 180
4 811
6 369
4 742
4 104
2 521
5 353
5 91
2 33
2 326
5 430
1 38
4 927
2 5
6 955
6 825
3 90
2 344
3 903
2 230
4 179
5 347
1 428
5 679
1 988
6 854
2 599
5 388
2 499
3 221
3 138
1 291
2 384
2 36
5 70
6 995
1 367
6 130
3 130
1 606
2 165
3 238
1 55
3 639
3 721
2 357
3 256
5 436
1 280
6 628
6 88
2 949
5 314
3 951
1 239
5 264
1 720
2 517
3 478
2 678
4 366
1 407
6 681
4 611
2 664
1 661
4 211
2 260
5 40
4 671
2 119
6 32
2 786
5 963
6 406
5 516
4 673
1 743
5 467
1 17
3 294
4 585
1 638
3 84
2 407
1 306
1 39
4 714
2 588
4 791
6 667
5 116
3 580
4 396
2 915
3 880
5 440
6 768
1 661
5 106
4 956
6 943
6 100
4 170
4 331
3 33
6 969
2 39
6 358
3 298
3 197
1 185
6 993
5 714
5 155
6 423
3 582
2 456
5 20
6 73
5 288
6 50
1 604
6 508
5 874
3 290
4 333
4 59
6 129
1 682
3 294
2 745
6 469
5 261
5 528
3 542
4 789
6 774
1 384
1 57
2 789
6 31
3 171
6 799
2 564
4 934
6 936
1 85
3 581
6 597
6 29
5 626
2 433
6 560
1 384
1 425
1 666
5 294
6 248
3 840
3 275
3 372
4 507
3 319
1 504
2 899
2 404
3 700
6 627
5 4
4 932
3 535
6 939
6 137
6 623
3 700
4 805
1 811
1 879
5 749
3 395
3 914
2 875
5 339
2 577
4 215
3 474
6 456
5 928
4 949
2 624
2 151
3 719
6 90
3 442
6 332
5 189
5 338
4 562
6 268
2 370
1 997
1 583
4 606
6 749
4 764
2 201
6 800
5 578
3 869
4 79
6 559
4 148
6 34
5 924
1 199
2 487
5 487
4 352
2 930
1 997
1 471
2 958
2 116
6 511
3 258
6 887
1 560
6 64
5 96
4 598
2 983
3 193
4 152
6 264
4 995
2 478
6 456
2 439
5 675
4 611
6 242
1 100
3 884
5 98
6 501
3 976
5 779
5 655
2 416
3 716
1 177
6 228
2 684
4 907
4 967
6 642
1 367
4 712
4 255
5 932
1 505
3 941
3 779
3 917
2 864
6 957
4 529
4 727
2 201
3 922
3 855
1 78
2 655
1 822
3 951
5 367
3 363
6 89
4 605
6 40
4 989
3 211
5 235
1 81
4 274
4 306
5 916
6 700
3 524
6 182
2 977
6 280
1 910
6 185
4 374
4 333
1 275
3 231
3 183
5 295
6 664
3 936
2 335
4 852
5 508
1 684
5 636
5 528
2 683
4 410
4 639
3 122
6 988
6 773
3 366
5 978
2 371
3 311
6 901
4 266
1 250
5 596
1 264
6 781
2 538
6 706
3 283
6 440
6 530
1 143
1 983
3 627
5 738
4 409
6 450
5 749
3 623
2 935
5 819
3 535
6 608
2 884
6 66
1 863
3 239
5 193
3 829
2 925
3 459
6 555
2 7
1 310
2 1000
2 570
4 310
3 878
4 344
3 158
4 141
5 708
2 729
5 304
2 775
1 475
5 913
5 493
2 684
5 251
2 398
5 557
2 923
6 328
1 899
3 379
4 209
1 770
1 41
5 845
1 300
4 400
4 700
3 482
6 45
4 122
4 903
4 501
2 463
6 147
3 664
2 400
1 314
1 160
3 241
1 521
6 323
6 456
2 811
6 109
2 373
6 297
3 259
5 805
1 976
2 82
6 828
5 215
1 2
3 495
2 731
3 839
2 287
2 779
3 583
6 305
5 468
4 583
1 102
3 446
4 689
2 772
3 713
4 9
1 713
1 660
4 222
5 495
1 792
4 958
2 863
2 681
5 214
5 407
3 1
4 448
1 84
6 909
1 557
1 861
3 124
5 711
2 370
3 853
6 182
3 239
1 423
3 726
5 886
6 655
4 689
4 279
4 25
3 919
5 808
1 850
4 3
5 276
6 117
1 589
3 290
4 695
2 450
5 52
5 904
2 924
5 512
2 715
3 94
1 117
2 116
4 184
5 877
2 546
5 290
1 644
4 665
6 995
6 109
1 152
2 104
2 956
5 630
5 503
5 655
2 327
4 936
1 592
5 672
4 158
3 623
4 596
4 842
2 105
1 988
3 666
2 684
3 58
3 644
2 739
3 531
3 772
1 631
4 631
4 851
4 967
1 292
3 465
3 504
3 786
6 177
6 934
5 425
4 876
4 903
4 421
6 383
3 252
4 906
3 18
5 373
4 286
4 251
6 500
1 670
3 949
6 88
4 410
6 576
3 635
2 251
1 616
3 599
3 349
1 804
2 317
6 55
3 543
2 703
2 410
2 30
6 922
4 943
3 333
6 969
1 53
6 727
3 556
2 238
3 181
5 974
4 920
6 450
2 684
6 207
6 580
5 507
6 57
6 184
4 672
2 61
3 75
4 743
6 463
6 237
5 724
3 844
6 942
2 808
6 501
6 423
3 953
2 933
6 730
5 103
3 972
6 124
4 653
5 379
1 549
2 110
2 177
1 618
3 951
3 96
2 494
5 531
5 150
2 160
4 930
5 632
4 128
6 650
6 325
2 894
2 995
1 497
5 309
5 993
2 595
5 61
1 309
5 887
4 405
5 690
1 659
2 939
5 428
1 565
2 968
6 978
6 813
1 837
5 292
1 83
2 269
1 327
5 86
3 387
6 610
4 529
1 749
2 53
3 407
1 280
5 778
5 392
4 435
4 415
6 57
1 316
2 345
2 605
4 206
3 272
2 771
3 82
2 619
3 47
6 454
2 455
5 287
5 174
2 74
2 150
4 141
1 510
1 459
1 619
4 458
4 479
1 394
4 451
5 750
4 740
5 526
6 787
6 393
6 884
2 603
4 300
5 851
5 932
4 275
6 973
6 792
5 16
6 68
3 548
3 314
1 372
6 833
5 3
4 821
2 395
2 623
5 519
4 206
3 782
6 1000
1 916
3 909
6 327
2 748
3 145
6 512
1 252
4 26
6 273
5 843
2 269
1 712
6 290
1 589
4 750
1 529
3 82
2 948
1 117
3 633
4 108
5 480
3 192
1 316
4 703
5 483
3 327
3 462
2 112
1 391
1 341
2 229
2 60
4 829
3 575
4 140
5 308
2 392
5 476
6 668
2 568
1 852
1 696
1 863
3 714
6 371
6 876
1 827
1 831
1 462
1 819
5 438
3 923
6 330
3 591
1 279
5 850
4 53
1 795
3 704
5 871
6 914
5 378
6 32
5 747
4 965
6 797
6 396
5 287
5 821
2 425
2 35
3 230
6 819
1 705
6 236
2 301
4 673
1 594
2 237
5 549
2 609
6 955
5 769
3 80
2 117
2 40
1 482
4 590
5 997
6 526
6 574
4 85
6 855
2 302
5 370
6 292
2 252
4 334
5 838
1 312
6 973
6 458
3 324
4 105
5 45
6 256
4 808
3 216
3 370
3 458
1 71
4 68
3 699
6 693
3 518
4 842
5 60
5 943
3 402
4 407
2 381
3 768
5 705
4 555
6 203
6 164
4 112
4 947
6 984
3 698
5 348
5 990
6 542
3 141
5 683
3 740
3 912
1 603
1 841
6 42
2 872
6 21
1 789
6 145
2 310
3 273
6 85
4 415
6 898
6 920
1 454
2 994
5 870
6 686
5 809
1 457
3 284
6 16
6 796
5 196
4 706
6 114
4 433
6 119
4 435
3 613
5 48
3 958
5 259
3 331
1 721
3 747
6 264
3 780
3 978
3 867
4 146
1 176
2 860
6 612
1 683
4 534
3 887
3 351
3 485
6 211
6 467
4 914
1 775
6 492
5 20
5 786
3 690
5 95
5 606
4 195
4 635
1 370
2 571
5 665
5 400
6 964
3 536
5 300
1 274
3 414
6 149
3 809
2 512
2 739
3 314
2 405
6 13
5 820
6 845
2 341
3 414
4 462
1 885
4 964
5 903
2 802
3 576
4 594
4 218
5 557
1 617
3 830
3 87
3 563
5 836
1 527
2 911
4 550
5 100
4 305
5 890
5 405
2 773
6 256
2 682
2 520
5 125
3 278
6 349
4 493
5 94
1 784
6 358
3 800
2 198
5 163
3 266
2 608
1 917
4 27
2 27
1 599
4 598
4 713
5 715
4 185
3 928
1 812
5 6
3 798
6 771
2 994
1 878
6 426
2 815
5 95
5 702
5 343
3 568
2 949
5 316
1 442
1 453
6 231
6 920
2 13
4 339
3 77
2 958
6 714
3 306
1 965
5 853
1 9
5 66
5 758
5 794
2 327
3 156
1 408
6 289
5 116
4 129
4 547
3 46
5 209
5 421
3 61
3 184
3 749
1 378
3 333
5 57
6 120
3 567
1 638
1 298
6 186
6 649
2 863
2 344
4 748
4 300
1 741
5 228
5 435
5 995
6 127
5 129
6 967
1 125
5 254
3 61
3 200
3 523
6 754
3 838
5 334
6 660
2 972
4 914
5 844
5 877
1 664
6 569
3 52
6 586
3 467
3 448
2 355
1 81
4 540
1 961
5 54
5 946
5 860
3 783
1 471
4 25
3 15
5 116
1 990
6 724
1 699
4 474
2 493
6 866
4 823
3 904
3 150
5 253
5 411
2 64
4 397
2 719
2 385
6 830
5 887
5 181
3 75
3 342
5 560
5 950
5 385
2 611
5 405
4 247
6 954
2 401
3 101
3 113
6 305
1 210
3 846
5 479
1 45
4 487
1 379
3 690
4 641
6 1
3 219
2 565
1 612
2 873
4 435
1 549
2 279
5 633
4 500
4 397
1 636
4 852
1 671
6 129
3 545
3 61
1 431
2 286
2 941
3 105
1 847
6 818
2 115
2 954
2 265
6 510
5 584
5 266
6 605
5 270
6 578
2 911
6 306
2 401
5 58
6 324
5 862
6 381
6 295
3 941
4 35
5 811
6 514
3 225
2 173
4 267
6 823
4 109
1 77
4 725
4 717
2 390
6 541
5 257
4 808
2 745
3 999
3 460
4 334
4 983
3 529
5 959
5 482
3 830
6 279
2 396
3 954
2 629
4 259
4 32
6 435
3 259
1 387
2 649
1 106
3 930
2 584
3 337
5 307
3 975
3 72
5 636
1 859
3 574
1 854
2 534
1 85
5 776
1 863
4 542
1 759
2 954
3 359
1 759
5 809
2 305
3 807
4 609
2 909
4 134
2 139
5 753
4 460
6 45
4 304
1 641
5 57
5 756
6 237
3 783
3 951
3 276
6 731
3 126
6 770
6 752
6 279
2 482
2 32
5 763
5 463
5 397
3 701
1 637
5 370
4 685
5 210
4 133
2 548
3 931
2 869
5 576
1 186
5 588
2 934
1 903
4 105
3 619
6 156
1 94
4 378
3 197
3 442
6 231
3 938
1 658
6 194
1 657
3 642
4 947
4 594
4 676
6 853
6 855
2 901
1 532
2 77
5 921
5 760
4 212
1 663
5 856
6 102
2 939
2 108
4 23
4 439
5 103
3 991
6 650
1 256
5 226
4 613
2 555
4 649
3 421
4 634
2 871
6 492
3 535
3 399
3 4
3 254
6 479
6 415
1 191
6 660
4 355
1 562
2 996
6 26
3 224
5 396
5 98
4 256
4 189
3 540
3 842
4 3
3 741
3 799
4 87
5 347
4 82
1 53
4 821
2 196
5 89
2 490
3 829
6 522
1 102
3 562
4 206
2 966
4 332
1 876
4 574
3 563
6 833
3 435
6 45
1 401
4 573
3 375
2 339
4 770
5 660
1 439
2 598
6 162
2 520
1 52
2 963
4 451
3 933
2 152
2 218
2 166
4 794
4 543
6 139
5 627
3 347
6 15
1 821
4 225
2 918
4 136
4 594
2 379
5 526
3 559
5 786
3 885
3 968
5 414
3 442
6 609
3 457
5 84
2 503
6 320
3 288
5 4
2 744
1 110
3 968
2 364
4 97
2 684
6 26
1 522
6 490
2 607
2 105
1 575
4 349
2 731
6 701
6 868
6 171
3 65
6 350
2 244
3 379
4 509
1 24
5 222
6 512
4 163
3 869
6 927
1 982
6 205
5 94
2 830
4 402
3 754
3 25
1 548
4 924
5 510
5 790
2 164
2 263
5 973
5 414
3 700
3 907
6 781
2 681
6 264
3 207
3 536
5 14
3 337
6 490
4 587
2 928
2 637
5 779
2 673
