3668183
1328113
2285986
3679838
1331190
184828
42166
1762503
1630695
1590800
954496
3918622
1658762
542602
429020
1903286
1139556
2622131
423912
2434461
2325560
108532
2164651
3251073
1157699
522163
1043810
82114
406637
-1
662630
3489433
473492
3282943
599520
1878152
1322303
1658516
749223
959785
60807
646337
2817090
1295958
285090
-1
137091
1468340
2203951
36868
1344559
290734
1023359
3406642
1599633
1965595
237516
451375
3087253
741299
759318
188781
287667
1610276
1189032
632912
2418675
1936232
1906476
285069
2624209
79137
1882376
190683
900191
1859153
2342805
2344787
1943608
750371
2018215
2082085
3147292
414550
3033798
558199
2256853
694034
2039585
2377703
201689
1146117
1131918
638406
1341175
384945
355957
1109310
988355
2409904
873123
1816824
937697
1787253
870361
1356592
425983
2318295
280027
433950
3227950
2452336
959672
1224775
2951528
934787
302838
1106364
3625491
298066
1034563
272027
1010527
409261
554923
163157
1960713
763141
1484857
2753601
1331871
1472507
1236344
137667
1634496
174058
390641
3417806
1418007
1035922
1311454
200647
3637175
1913243
538800
2752235
347109
1778224
559097
689477
2467020
662437
1227048
292759
2044694
2778638
724581
2126104
561253
1112626
702339
687498
2304025
2856925
1188258
518620
3172656
775446
2102789
3670449
326785
3244103
1769997
-1
768007
1903023
2077692
1707146
1358495
2553633
2971731
2111694
3794527
112053
991701
240462
-1
1147560
988560
2118795
684145
2048253
775950
2207142
1840683
237960
2304944
3030908
-1
2172873
2570795
675310
2143079
2125704
327568
1479917
107225
58938
-1
-1
599266
1547747
313338
242752
1250090
869598
213783
1194525
18940
1669705
-1
251081
858097
2179056
937043
1002920
983613
223575
2566539
2295805
2173704
3610254
1670486
2230660
2603600
1645063
1470869
-1
372505
1745872
3187219
1143528
883170
615552
1118430
844209
766889
1074753
219849
1929851
1954708
123949
843476
2416085
341568
526476
416665
526240
192990
1807267
3478082
2313175
1111428
3362193
1163255
1538190
-1
71340
1487857
2093874
72993
414256
3080634
289073
2523777
1517824
2189980
419112
1729399
2246499
620275
2061377
2420466
1690499
3325730
180409
1332955
1596634
1167831
2425193
388372
231533
593011
818457
491775
2323711
2457775
1356465
1509501
679884
218707
99735
1483576
190102
1999726
3754664
1014994
1803901
141565
714632
2651470
1660683
984388
208393
1240359
814633
765588
1826463
703949
2202708
1144633
839700
1087843
2310605
904252
208368
436334
2192191
210148
1638632
2002304
1018776
1107083
429503
2424006
2107756
1122704
-1
239330
1155881
356495
922584
599196
2198760
1570626
1174610
1379876
1233337
983903
1052172
1680678
897948
1203048
662174
2061064
375955
2876527
3694488
1671250
108263
3168968
2804530
798283
664490
3479516
2832637
2770529
679293
91368
707580
1793013
1478053
627004
265942
626628
700793
281827
1539996
747413
670649
802073
2730465
866789
119403
2373888
2402002
2930537
343058
1301787
1304629
1599349
2987028
187803
1248863
1642578
1275238
1059939
2376671
512350
1028347
1899117
3026540
2083321
159217
1296510
213854
290860
2612300
722053
2233101
1220181
1634206
2691514
3647721
1859620
534335
807988
1478687
519008
2017226
362956
3475477
1823452
1919709
488427
1509124
1128319
2278798
2032109
2419533
616569
2731918
207387
2643598
271885
2388891
1016401
236077
3023309
2644154
189112
1340188
878185
127251
1780991
1481868
716411
1058432
3337795
2438625
184132
1308687
1808456
3209024
1892651
153652
471225
1068901
1244742
672790
2954541
2106147
282851
2083531
437826
438286
1641055
1282616
799606
776838
608355
2401518
3352069
1523320
2389466
378501
1023423
517340
2875393
1076356
1503655
-1
1646133
1889115
396474
41133
1642759
559811
2357013
1097574
1178564
3868005
49800
3149318
343770
364553
2772195
1417582
2436954
768631
343584
324778
3020260
78449
626363
2079318
1047648
2239780
2836704
2899808
290270
1659424
2210329
-1
2463991
1559609
1679424
511612
-1
546366
1715119
337833
1707480
1679712
2111174
3135886
394149
233518
1114699
2079018
1195211
2862639
1877818
63055
1631289
821944
1161177
2292918
613197
1788243
1564936
922649
1087391
1398543
1179841
769424
2139792
366839
2319765
1132130
1062277
483721
887501
1080533
2346193
974642
1162352
3450942
2791861
1216902
2364759
1262373
2299635
1353740
144683
1844874
3107349
3177286
1284603
2220210
781057
867317
3206043
881804
2551971
2311425
129043
924566
2261420
1048267
890952
155877
1254414
1288976
2369030
797750
3480737
726281
2120971
1336900
817399
420369
2244266
1113807
178992
2870838
2314666
640711
713303
2347761
1031176
2061518
925222
317227
1351373
2088631
829162
878753
912178
2026995
259073
20269
-1
1744358
168482
138778
109701
173710
391222
804294
1242908
508806
1804491
3801743
1903095
672666
795898
2518741
1152301
2770412
2287551
352430
2485015
613474
1893982
1799517
497419
849238
3580633
380914
3073973
311072
3913626
1247821
854544
243973
3422087
-1
806275
863464
2193044
3091932
861729
1145879
1771828
2796861
965763
2014184
2982841
2544413
484932
-1
864030
457299
3028741
3751072
1050786
2438994
1131709
2204457
3029545
1118639
2999894
402406
2661673
2318150
521255
152351
1347473
2043339
945603
40970
1750119
944135
3425777
433770
2188286
2553400
1395496
1772365
1106530
428152
471986
263470
449935
911155
1705657
310664
-1
129975
1129329
1551877
90271
2976259
2130498
249755
3027839
3409375
2293576
380348
3384791
2770905
1392398
1034587
166959
1778222
2756555
2206437
1744876
89945
913403
1443672
1395724
2600155
464506
587959
2438436
941019
416462
1457786
867161
2625411
306026
1865755
47780
1760819
2923765
675330
420701
-1
53119
2148244
2961304
1365243
1950358
1865438
1891678
2751631
2070290
1211998
1292127
1950039
1673939
2606333
1292552
477593
3152009
1248646
1027222
903003
1636142
221131
687378
45273
287269
434807
733876
1208456
71695
2730406
2167943
2227764
1268493
1515495
705433
545124
1483232
2279531
101952
695396
218681
95011
496720
20469
1552644
1695925
511020
788264
209782
-1
1849770
2885806
2223398
337564
1123733
1402968
1472504
1253709
2602122
3252869
1494627
310487
118778
360894
1346120
2367586
556623
2570248
2831060
1439085
758049
1153412
1406408
1048326
148840
442335
261818
552269
1300312
389253
2198281
1407927
2599607
2379010
3415597
2382262
653638
360290
1455887
700959
1829346
223131
148938
130228
397344
208762
-1
167652
2044929
1679255
594785
1785603
270121
3892720
2953792
217247
1659127
3037823
104297
3575743
2135900
705583
293152
3446303
381150
1075951
301500
2002852
2954041
2700080
3391795
824605
1065764
609989
176168
1953410
2117500
2239743
1799846
3600008
424537
260606
2278511
2814921
1263297
1818140
1598097
239258
520657
1851571
606114
168090
856109
1859430
871204
2068121
709137
2655269
3518213
1904088
1740144
410471
354332
799002
1181144
1726011
1498826
-1
1181794
298216
1184433
2007964
1029953
1200906
1576462
2325627
1134510
1442414
2262945
642947
3048580
2495805
3315465
162095
728825
2344000
2957613
-1
1375422
573697
625533
1722383
3477976
2301418
2096924
2934940
-1
658047
2406691
1619533
98680
3051529
869505
829894
1425013
1152883
938685
602709
114744
1053360
1561772
3349290
340759
350573
2382572
-1
2227260
1664476
384943
2124155
1024578
329548
603014
2889690
2095875
822590
2190749
1642279
79223
22807
2421801
372894
1180015
613736
3083491
546362
2777362
402047
2135792
3182391
2122716
2402156
2886948
2899799
1256403
151253
1540639
2704655
343031
615398
918595
689384
693523
3565655
1012109
489943
240656
1668188
1082998
2108699
779917
638800
1704022
819959
957795
3616578
-1
398477
2817405
163494
