10 1000 1000
10 5 1066 719
4 3 8938 8741
1 1 4179 171
10 2 1869 2897
3 1 636 1906
5 5 924 7755
10 5 7096 4
2 2 9452 3081
3 8 217 2674
6 7 4047 9064
9 5 7517 1834
5 7 3926 4971
2 5 3154 1669
8 8 1433 2727
8 8 2498 1933
7 2 5782 998
1 6 9530 7054
9 8 5576 1431
2 9 5116 2507
5 4 2449 9223
5 1 906 2109
6 9 719 962
10 7 1973 4938
3 7 1335 2746
4 3 9953 8469
2 3 8665 2390
4 2 5590 912
3 6 6042 8495
9 7 66 427
4 4 2864 8083
5 7 8502 5011
6 9 2807 9392
9 3 1176 8830
1 5 8046 9409
8 9 6289 309
2 3 3958 4845
7 2 3838 6014
2 6 1542 8929
8 3 8272 974
10 5 6479 3983
1 1 1624 119
1 3 9097 9167
5 3 535 5088
1 2 571 2311
9 8 1396 4500
3 9 14 4791
3 4 7270 4487
5 1 6519 8782
10 10 8460 5444
10 10 1258 3093
2 1 3154 6938
10 8 4312 4146
9 7 7892 2645
10 8 487 1702
5 3 1924 5566
3 6 2214 2501
9 8 3111 5216
1 7 2914 3534
5 7 470 382
1 10 2559 4524
3 2 5502 5571
3 10 3698 1090
10 9 2930 8771
8 6 5206 5835
5 9 2979 8207
5 3 6508 7584
9 6 7549 3838
5 3 9514 2361
1 8 2380 172
3 6 9327 182
9 1 2483 7019
10 6 5022 3162
2 4 9734 3259
4 6 9603 3253
5 7 8190 4727
7 3 4495 3027
5 7 5416 4473
1 3 8348 8837
5 10 5989 8830
9 9 3541 839
9 5 5483 2046
3 5 409 6067
1 7 4931 4366
2 9 1945 1106
10 3 235 2090
5 8 7918 7181
4 9 3119 2787
7 8 7765 1677
1 9 9371 4603
8 5 9498 2467
6 5 1811 4139
2 7 1424 395
5 5 9496 1183
6 8 2014 3503
3 8 2280 309
10 6 2577 4933
2 5 2040 8271
6 1 9787 876
4 8 4374 5499
5 1 376 1145
1 6 6299 1038
2 7 2502 3598
7 8 3382 1176
9 2 9689 4612
9 2 7344 5985
2 8 9319 6170
10 7 4131 1022
3 4 3071 2819
10 8 775 3771
2 10 9130 6947
6 8 2309 2471
5 9 1456 8402
2 7 634 6280
8 3 1253 2435
2 6 4099 593
8 3 7191 4095
9 4 3501 1569
1 9 1233 2245
1 9 9209 6875
1 7 8126 3208
10 2 1531 522
9 5 9403 8506
9 2 6031 6925
8 3 7245 104
6 4 4846 9450
9 8 3273 4640
7 6 202 5430
5 1 3998 5150
10 8 5628 147
2 6 8870 8606
8 7 3180 1095
9 5 8391 5191
6 8 1155 8030
3 9 4824 4022
2 5 150 3718
9 10 2321 6797
2 1 4489 4953
5 9 3704 7234
3 9 7541 7014
3 3 905 2914
10 8 7508 6287
5 8 6113 1203
7 3 8175 5683
4 9 4872 9934
1 2 9476 4802
3 5 4780 9811
5 3 9840 3127
4 5 1891 8814
8 10 4958 4972
6 2 1426 1740
4 6 2140 865
7 7 2373 8325
1 7 2390 2393
9 9 8091 3733
7 10 2308 4542
3 4 1863 6585
1 9 4353 1495
7 2 8465 2111
2 5 3115 1640
8 7 2369 2185
5 1 6541 6022
3 1 4749 8382
2 4 3150 900
7 6 928 197
9 7 6985 5038
3 1 4517 3536
6 4 9203 4918
4 2 7528 2651
10 1 6733 9582
3 9 3751 1291
8 9 4834 207
9 4 7078 1777
3 7 8414 5909
10 1 4759 6453
10 6 7239 4269
4 4 8397 3897
9 10 2041 1501
8 9 6450 7508
7 2 8569 7772
5 9 653 959
8 10 168 4485
10 5 6720 4985
9 10 2800 7799
4 6 7881 5489
10 1 9219 4106
9 7 6552 8524
10 1 4296 7264
3 2 9888 1064
6 4 8049 6741
5 8 5813 5233
9 7 7434 9214
1 10 4006 4502
3 8 4813 9786
9 4 5648 9522
8 3 7934 7952
6 6 2598 1864
2 3 3822 8719
1 3 7042 9752
1 8 6956 7814
2 3 9915 8934
3 10 4109 997
9 8 7684 3190
3 7 2429 3642
5 1 1723 7873
5 1 3526 2058
6 7 6059 7543
8 9 8681 2971
9 7 3871 8758
3 8 8366 3035
3 8 7253 374
4 2 6703 2034
1 10 851 4527
3 8 6404 1233
3 7 8106 2353
4 7 368 2417
3 9 6492 3167
8 3 7578 5081
9 9 3011 9432
2 9 8412 5363
2 5 5925 2009
9 1 8733 9077
5 8 3545 1618
2 8 2339 1187
3 4 6280 566
10 2 6007 5327
10 8 9793 9637
5 7 6714 6993
8 3 2476 4185
10 4 7229 2962
9 8 3388 9221
9 2 2591 2679
3 2 4091 5814
6 4 6652 5857
7 6 6491 5010
4 1 9507 356
9 8 6687 6900
2 10 8408 8627
5 8 8236 6553
1 4 3389 358
1 4 5904 2980
3 4 1248 8823
6 2 5414 3258
4 9 658 6187
1 5 7092 2452
1 5 9227 4636
5 1 1043 399
7 9 4028 523
8 8 5577 2586
7 9 7504 6444
8 5 8460 4067
5 6 3834 1877
4 9 4583 5118
6 3 6439 5158
6 2 5415 583
4 9 1483 599
3 5 3797 4371
8 2 158 2067
4 1 5409 808
2 6 3141 6591
4 10 700 93
8 3 4476 4425
5 2 4546 2319
4 2 6996 9786
5 9 4664 50
5 1 9925 3578
8 3 8400 1598
2 5 6953 7857
5 3 6574 87
6 8 329 2267
3 10 2280 5566
6 7 6073 1172
8 1 1867 5027
3 3 3486 9989
9 1 1923 8239
3 2 9617 6034
7 8 8453 8727
10 8 8671 1350
4 7 9287 9498
4 5 7430 2389
4 2 6981 6683
9 7 1794 7614
5 4 1120 4511
9 4 6981 4315
5 4 469 1618
7 1 3966 4405
7 1 6883 9740
2 2 1282 2193
1 10 1167 8851
9 6 65 1132
3 10 3485 7884
5 7 9161 1490
2 3 9114 3585
6 4 1125 2525
9 9 8741 8365
4 7 2116 2171
10 4 6241 1813
9 9 1196 8053
4 1 1634 7802
6 1 6714 9182
5 10 3229 5901
7 7 2089 9638
2 7 6419 2193
9 9 7621 8453
1 4 3604 3363
1 7 5114 3190
10 3 5006 163
7 9 7229 6317
6 4 2305 9052
7 5 7535 2501
3 4 8298 8967
9 1 6990 8290
10 3 5309 6684
5 3 3247 2483
10 1 1984 2847
8 5 4269 5714
7 2 5427 2741
6 1 1348 7944
8 2 8939 8403
4 10 917 4536
8 1 232 2469
1 3 2997 4707
3 1 5013 178
7 8 5661 7492
7 7 9560 358
1 2 7212 1154
9 6 4197 2203
7 10 1602 7345
3 9 664 7861
3 4 3266 3171
1 5 4419 2937
4 2 2441 4605
5 5 4023 2802
7 1 9250 7391
1 9 8875 5753
3 1 4447 2470
8 4 5722 6453
5 10 8932 7846
8 9 5652 1115
5 7 9912 2840
10 1 3259 1889
6 1 5853 7508
8 3 1829 886
6 10 1888 1261
4 9 5170 1055
9 8 1898 471
4 10 9277 6685
4 3 2113 9111
8 3 6828 1420
10 1 4149 5194
10 7 7042 4186
1 5 9570 5136
9 3 8364 6455
4 8 4517 3917
6 3 5451 5306
1 4 1821 2104
7 6 2173 1642
6 5 2770 4203
7 5 1905 8682
9 9 4636 1109
10 1 2542 1127
7 6 8933 1119
2 1 510 4616
10 3 551 4398
9 2 800 2021
1 8 9082 9420
8 4 638 1089
4 7 8500 6265
10 10 2828 2761
3 2 7736 7848
4 1 2086 8704
3 3 6846 5876
4 8 5921 8471
8 4 6424 3027
10 2 2579 2870
5 4 5779 8813
6 2 1172 1024
4 7 7780 5469
5 5 8458 8108
8 9 6931 2015
10 5 9280 1648
10 9 2403 46
9 6 4949 1935
1 1 8126 4266
10 4 7406 9274
10 1 7423 8183
2 3 8556 8112
1 9 4060 1130
7 9 3269 371
3 8 3362 1091
2 5 91 9882
6 9 7634 971
6 3 9247 2842
4 2 994 3021
5 6 2603 4920
4 4 2989 4365
1 7 931 6493
9 8 4383 5142
6 2 9937 3050
10 1 663 107
5 6 6766 3515
7 10 1561 9850
6 8 9770 9482
2 7 1684 5696
4 5 2133 4493
7 5 2046 2949
7 4 4300 6998
10 3 606 6745
6 10 5157 2292
6 10 6457 4131
2 4 3283 9197
4 9 5139 7465
9 10 1860 6362
8 1 6143 9157
8 1 884 8203
9 10 5767 2199
3 8 1964 9389
1 6 1750 1394
8 3 7021 7913
5 3 1557 2078
7 6 5750 539
7 3 9024 8476
3 8 6979 649
8 3 4248 7205
3 3 2620 1469
5 10 6721 5533
9 2 7217 8696
3 9 643 9248
9 4 6261 7446
4 7 7952 5686
1 7 4992 6482
6 3 2886 7038
5 8 4908 4415
1 10 442 508
6 10 2456 3826
2 2 3606 5340
3 7 6504 8422
3 10 9990 6694
9 8 7984 5353
1 5 7257 2568
9 7 4497 3321
5 1 7962 347
5 9 1976 4797
1 4 3152 8497
7 8 4707 9554
4 9 932 1944
3 10 3073 3363
7 4 8910 4738
6 9 6649 2499
4 5 7533 207
6 4 7368 9556
7 1 5199 5221
2 4 5927 610
3 5 9787 244
8 4 3558 302
7 3 3658 5612
7 2 7270 2708
4 7 4440 5311
4 9 9811 5260
10 8 2694 4849
3 9 1394 3344
4 3 9824 3234
3 5 9561 702
2 7 8818 4562
6 10 1860 3926
5 1 2708 3714
10 5 1136 1052
5 2 1793 2315
7 8 6404 1486
10 6 8582 5386
8 4 6325 5545
10 8 4913 6555
4 6 1036 5342
6 2 2330 3540
5 8 5528 6993
1 6 152 2619
3 9 6898 4157
4 5 1276 9536
7 3 2505 9501
8 7 3970 9391
2 1 6066 2599
1 5 7569 4042
5 3 2290 7887
10 3 9698 3596
3 1 3938 6284
1 2 8451 289
9 10 8055 9217
7 2 5046 3702
2 1 7805 552
8 9 1421 1773
10 5 8612 4990
9 7 5558 1443
1 6 941 5418
7 4 2796 8914
4 8 6339 3321
1 7 4876 5720
2 7 9467 3275
1 1 96 6121
2 8 8506 6008
5 8 7133 9659
10 3 3678 9385
9 2 2327 1212
10 1 5842 6893
9 5 9991 1742
3 7 2145 4053
7 8 2359 7599
9 2 9399 628
10 7 9793 105
7 1 8570 4168
5 1 8268 8586
9 10 4641 5931
2 9 129 6430
4 4 4822 2622
3 1 4656 4024
5 6 5544 4988
5 4 3173 7477
6 8 1626 6024
8 2 5051 795
4 8 8694 6709
8 3 9299 4511
4 10 6067 7937
7 8 7699 3282
6 2 1844 4436
10 8 5651 6537
5 3 6743 9365
1 6 9668 2145
9 7 9080 6421
5 4 240 782
8 6 2334 8163
6 8 3701 7151
6 7 8319 3540
4 4 8806 7645
5 6 168 582
2 2 9554 5298
7 1 9233 4241
2 2 8906 1167
8 1 9669 682
5 8 849 1943
9 4 1813 552
6 3 1251 6758
6 10 8801 8050
4 3 6411 8514
7 3 469 3029
10 6 1039 1658
8 9 4762 3799
4 3 1595 6809
4 8 5355 8470
4 6 338 9902
2 3 835 1059
7 10 5149 123
4 1 6465 7626
2 8 8362 5548
5 6 9429 8855
6 8 1600 4788
10 8 3262 3975
7 3 9390 5934
3 2 6173 3649
2 9 473 4053
2 10 6009 4848
7 9 8564 2789
8 9 2306 9818
3 8 791 692
6 9 8800 5729
2 3 3228 9311
8 6 6012 6307
10 7 296 7062
9 5 249 2438
9 10 838 2340
7 6 8212 931
8 6 597 7700
2 10 9293 8846
3 2 946 84
2 10 2198 8736
9 9 8506 3212
10 3 982 114
8 10 5881 9820
9 4 3257 7358
6 8 5655 1816
2 10 9947 4886
10 1 2078 8377
1 9 1700 7090
2 10 8781 3224
6 5 9594 6814
3 10 5888 2615
3 4 9733 6241
3 7 7631 4650
5 7 1092 159
9 2 3189 7141
3 1 1072 9501
6 9 8012 6824
2 8 5352 7920
5 8 6263 9247
5 5 9520 3940
4 1 1402 638
10 8 8176 4658
10 4 9582 4928
4 5 285 5023
9 5 1824 396
4 1 7120 799
4 9 9443 1062
3 6 9619 3262
10 6 8875 1523
9 2 1765 7589
3 10 2530 3123
3 5 6135 221
8 5 113 2100
9 5 4404 9268
5 3 1070 6716
10 10 2149 6233
1 1 2398 2937
9 4 7546 4612
2 2 7576 5941
2 4 3300 5344
4 3 8743 8457
2 2 9070 3590
1 2 1056 3222
7 10 4351 1324
3 5 1354 5054
9 5 794 3365
9 3 6233 3196
7 2 8816 2618
9 6 2315 4346
7 1 5335 3248
6 1 5282 5959
7 5 5817 1757
1 4 1095 6407
8 4 7436 7937
6 5 1517 4772
5 8 363 2431
3 3 2465 1956
10 8 8067 9703
7 5 1133 2077
1 5 1262 8906
10 10 1242 5598
10 10 5752 1630
8 7 7947 6146
1 1 2453 970
3 3 8505 3539
4 5 8960 8100
3 8 259 9856
7 7 6048 1653
9 4 1859 6828
5 7 9141 6965
6 3 3246 5632
5 1 242 4285
2 1 2305 8007
10 3 353 5566
10 6 7520 404
7 8 2362 5334
5 8 5568 9892
10 6 6122 2909
1 6 4936 4374
5 3 1243 1466
3 4 6185 512
7 1 9711 5678
8 4 6510 432
6 7 3041 8970
6 3 2670 1890
8 5 4805 7648
7 7 8217 1878
8 1 8088 2523
5 9 6724 5631
1 1 1317 8463
10 10 7857 1187
5 9 7749 6324
6 9 7737 8287
4 6 9478 8580
1 9 848 9428
4 4 5761 3916
6 5 9243 2478
4 9 5639 8692
5 5 2629 5041
5 7 2323 4847
6 4 9601 141
8 4 5723 9556
1 5 8270 4958
7 6 9901 2379
4 9 5033 3000
2 6 7200 4823
10 3 1694 7201
6 4 3903 3969
5 2 7542 3051
9 8 2537 3638
6 3 2950 3710
3 6 2965 7274
10 3 2418 4741
2 4 3940 4527
6 6 9126 2942
6 5 5801 6807
3 5 632 3743
1 4 1273 5874
5 10 6096 3757
9 1 8066 5471
7 8 2928 3607
1 6 625 1928
7 5 498 5900
9 4 921 1218
3 10 1154 1773
1 6 8403 4991
2 6 4888 6005
2 10 665 5819
3 3 2361 43
8 9 2666 5892
3 1 7361 9781
5 6 55 1515
8 6 128 6770
8 1 2751 1701
2 10 3535 9722
2 2 4115 5325
5 7 9723 92
4 2 7834 6208
3 10 5526 8356
8 3 815 5694
2 6 2839 1189
6 1 1029 398
5 6 9457 1478
6 1 8587 5741
10 1 1048 924
9 6 6250 4642
10 2 2312 9289
3 7 1466 3731
10 10 3308 8620
6 7 2301 7460
4 7 8808 3445
9 10 7669 8031
8 10 1112 7010
7 4 1450 2179
10 6 5477 2019
9 1 8154 7581
9 9 1531 7184
10 3 3517 8475
2 4 2009 6151
1 1 1774 9613
9 1 7895 125
6 5 8269 9017
10 4 5341 4347
7 8 3851 121
5 10 1770 3368
5 9 1217 8248
9 2 986 4666
5 7 7495 4351
4 2 3645 1469
8 3 7716 1802
3 7 2667 2434
9 10 4944 8974
1 10 4259 3727
8 5 9823 2507
2 10 8107 5188
7 8 2717 8095
9 4 4876 8481
2 3 392 870
5 4 6955 4217
4 4 1881 8208
3 6 732 3177
3 9 1643 4488
6 4 5531 3979
4 5 5977 3139
4 4 8546 2494
1 6 2019 6829
9 2 4737 4288
8 2 1286 8348
2 6 1665 3938
9 8 3047 3876
7 1 8630 138
7 3 3695 3760
3 1 8643 4909
7 7 3435 5677
8 2 8516 1778
10 1 3846 9130
1 1 1795 9357
9 9 9345 1278
3 4 4277 5595
10 6 1882 7922
7 10 2362 5490
3 7 600 3688
2 5 6768 4181
9 1 895 2270
8 9 9071 4553
7 2 9909 7576
5 6 845 639
10 5 7198 35
2 10 3933 8537
8 5 1829 8057
9 4 5001 6293
7 3 1653 5936
10 9 2939 1304
2 6 1995 4571
3 2 2683 2869
7 10 361 4788
3 4 3556 6715
4 2 3320 2427
6 7 1929 1273
3 8 2164 1981
7 7 4354 8692
1 9 745 514
5 1 8402 8241
4 4 8271 9493
3 5 7402 8285
2 5 6391 718
4 3 536 5112
1 7 9121 9768
6 10 5766 5861
10 3 8124 1168
9 8 2587 2779
2 3 7416 1736
3 1 8675 1575
8 3 1948 9477
10 1 9775 6634
8 9 8807 6814
2 1 72 323
3 9 9512 451
2 8 1326 5343
3 6 6638 5557
9 7 3785 7749
5 4 1551 5519
7 6 100 261
3 8 5390 8146
7 7 2728 2423
9 10 9877 7024
4 2 6681 3152
6 2 5430 5913
1 9 3413 6329
10 1 6345 9352
5 5 3472 7718
6 5 922 2477
2 9 2398 5334
3 6 2073 5999
10 10 504 3495
4 6 2873 5273
3 7 4207 4143
7 1 5361 695
8 3 7820 1856
6 5 4281 7737
4 3 953 2301
4 6 5781 1705
5 7 9568 6493
5 3 3171 9789
5 8 9850 6381
3 5 2749 1249
9 3 2574 2831
8 1 4991 1068
9 4 2828 7695
5 8 9621 449
2 8 3200 5099
8 9 8408 7594
7 5 1700 5535
5 10 5017 868
9 1 1436 9159
2 8 7699 3299
2 9 2896 422
10 2 747 6694
5 10 6705 7865
2 5 3024 7744
9 10 914 7991
3 4 6552 9685
6 8 5781 9426
3 9 6640 5534
4 3 300 522
5 1 5256 2413
6 6 8591 6175
5 5 9346 9565
1 2 4622 1904
7 2 1335 8748
7 2 9547 5049
7 7 3934 1500
3 7 2920 5333
5 3 3304 6030
9 1 4401 7009
4 10 6522 7778
3 5 8687 3797
6 10 3994 1088
3 8 9879 3044
3 1 9586 7969
8 6 4607 555
9 2 5698 2417
4 8 1177 4652
9 4 4352 4610
2 8 476 8553
7 1 8747 6187
8 2 2658 6024
2 2 422 2626
4 1 6243 1959
9 2 5598 5664
5 5 3642 4517
3 2 518 1507
7 9 8861 5590
7 1 4933 2741
3 5 8037 3904
8 2 3925 6850
1 3 9156 8147
6 4 1283 1838
1 5 1842 9317
1 7 2295 8069
7 5 5916 2694
7 9 2538 1426
2 4 2133 4963
10 8 2689 2287
1 1 1700 8847
1 2 6156 694
7 9 3502 7365
3 3 9311 4168
4 7 7986 3245
9 10 1141 1075
4 5 9808 311
9 5 1668 1508
5 5 972 5562
10 7 8733 1201
6 10 3380 2570
2 1 1841 600
10 4 2914 7926
9 9 5437 3557
8 3 2949 1128
5 2 933 9063
6 2 38 923
8 7 9889 1543
10 3 2203 6146
1 3 9755 140
8 9 7285 5784
10 3 2476 6135
6 4 3890 4191
6 4 148 420
9 9 3466 391
8 3 8382 1884
9 9 6674 430
6 6 3565 2013
3 8 887 8698
7 4 9962 3580
9 1 9232 1871
10 4 7917 8562
4 1 92 9498
10 4 5324 545
2 7 3289 7834
7 4 6146 7424
3 10 543 8614
10 5 7947 1586
2 8 4308 9377
9 7 1376 151
5 7 9194 9371
4 3 9715 8884
4 10 1754 830
1 2 9956 8498
1 3 1811 3076
4 6 6076 588
7 6 8724 1982
5 8 1075 3835
8 8 9845 6734
3 1 7374 6415
8 3 510 3023
9 9 5340 4870
6 2 8986 5227
10 10 7409 4710
1 6 2524 558
10 4 9919 1943
3 7 1562 5618
6 2 7539 1870
5 10 2268 2553
2 8 3292 9862
10 5 2335 1040
8 5 1829 54
9 7 22 1576
10 1 8697 6022
10 8 8130 1176
2 7 1800 3193
1 10 177 8689
1 10 1633 6009
10 3 6396 3794
9 2 9871 9174
1 10 9797 8808
7 4 7787 2362
9 2 4834 8635
1 4 4103 310
6 8 2716 766
10 3 3300 2296
9 3 7201 657
8 8 1654 6599
2 3 3635 4386
1 6 5454 5409
4 7 2931 3283
10 2 3514 2361
3 1 509 8189
5 8 1881 6926
9 3 3997 573
7 1 5190 7786
4 3 7590 6046
6 4 2314 7120
5 6 7947 6010
4 7 6981 6642
5 10 9511 8723
7 9 554 79
5 8 294 9143
1 4 6367 2931
2 5 922 8822
4 3 9636 5899
7 5 8613 6068
9 4 3808 7957
10 2 3347 2968
9 5 381 8388
10 4 8340 971
7 5 5138 1447
1 4 2689 3346
2 1 5509 1075
9 4 14 930
2 6 330 658
9 6 357 918
5 10 17 934
2 8 564 887
3 9 402 437
9 6 618 629
3 3 249 680
4 7 227 629
3 2 67 464
7 8 151 385
2 1 11 989
5 2 482 886
3 6 207 342
3 7 163 268
8 3 473 943
8 3 186 461
1 9 48 701
4 3 351 449
5 1 132 725
2 9 330 898
2 1 801 823
1 5 115 647
1 6 106 893
7 4 300 575
7 3 450 577
4 5 688 946
4 4 1 24
10 2 178 274
9 3 493 505
6 2 640 798
4 2 51 915
6 4 277 393
5 3 22 832
8 10 401 539
8 9 177 633
8 8 128 444
7 5 535 946
5 1 176 356
6 4 356 585
4 7 204 218
3 10 332 488
9 7 250 944
6 8 269 582
1 2 839 914
4 6 555 588
4 2 942 974
10 1 111 469
2 6 75 624
4 1 153 165
6 1 435 766
10 4 412 479
1 10 705 955
2 4 44 884
8 10 86 480
8 4 229 717
4 9 523 580
8 7 215 325
6 2 142 891
4 3 148 328
8 1 173 352
1 8 154 196
8 7 592 665
7 2 219 613
7 8 141 428
1 1 467 618
5 8 175 765
7 2 391 861
3 1 261 726
7 1 207 281
10 7 231 872
8 3 93 113
2 3 455 913
3 6 2 50
7 10 610 823
8 2 107 562
1 9 69 651
2 2 241 820
4 9 425 893
9 10 677 855
1 3 156 650
3 9 331 842
9 6 179 948
4 8 588 688
6 7 221 973
2 5 309 442
6 4 414 970
7 4 374 541
9 10 164 662
10 3 45 637
6 3 77 130
10 5 457 739
1 10 630 892
5 6 512 668
7 2 429 758
1 8 580 676
6 5 776 858
6 4 242 513
8 6 476 717
4 7 265 851
5 3 320 528
9 5 401 837
7 9 208 439
9 4 298 731
2 4 202 415
7 9 368 696
8 2 652 753
8 9 243 816
4 10 291 361
8 4 16 131
4 2 118 905
6 8 105 706
2 8 709 945
1 7 161 457
9 2 35 768
7 1 697 922
7 8 608 678
10 6 603 865
7 1 1 903
9 10 721 791
4 4 84 341
4 3 731 796
7 3 299 544
8 8 75 183
4 9 229 369
9 9 647 681
7 7 103 579
4 2 62 248
2 3 94 460
4 10 9 695
5 6 532 856
3 8 177 529
10 4 275 568
8 4 349 380
6 9 226 629
5 5 605 646
6 6 653 740
7 3 44 888
6 3 112 456
5 2 154 407
8 3 612 931
8 9 942 991
4 4 60 961
7 7 397 859
5 4 518 647
1 3 292 969
4 3 531 619
9 9 279 712
10 9 747 876
5 2 454 624
10 1 221 825
7 7 178 331
2 8 184 479
8 6 772 837
10 6 332 832
3 7 22 712
7 5 402 573
6 8 175 691
8 7 263 401
6 1 129 401
3 8 36 211
4 9 33 200
5 1 89 661
2 1 197 896
4 10 572 856
4 4 221 350
10 7 196 983
2 9 264 446
7 7 431 950
3 4 21 936
3 6 29 116
7 9 110 902
9 5 204 644
1 2 15 16
8 7 523 711
9 3 124 583
5 8 411 917
9 9 113 524
10 7 146 475
6 4 274 888
10 2 80 816
8 8 105 622
1 8 46 988
9 9 513 534
1 2 225 466
3 3 357 412
9 2 147 177
9 4 438 723
5 2 550 792
7 3 176 690
4 7 91 264
7 2 279 781
4 6 491 679
4 3 434 983
1 2 374 822
1 8 648 703
6 9 134 693
9 9 164 902
3 1 151 160
5 1 204 740
2 5 318 954
5 3 523 689
1 5 381 906
5 3 95 622
3 7 317 400
1 9 573 937
8 5 546 570
3 3 960 971
10 4 413 422
2 3 907 913
7 2 766 909
2 4 449 826
8 9 856 934
7 10 562 619
1 4 128 427
8 4 573 787
9 1 726 775
7 4 281 566
4 4 655 658
1 8 250 663
7 2 572 585
4 3 670 730
7 5 236 441
4 7 185 714
3 9 664 884
3 10 35 292
3 3 473 713
8 9 249 301
2 9 285 908
9 5 248 808
4 10 83 620
8 9 62 962
9 8 174 578
1 2 228 774
10 1 17 667
7 10 176 572
1 1 2 376
4 3 836 839
4 8 403 490
5 1 50 489
6 2 22 814
10 4 683 965
8 5 128 336
3 3 90 239
8 2 5 293
1 2 36 245
10 3 53 246
7 6 169 422
4 2 97 147
2 8 67 545
7 6 15 503
3 1 366 393
7 10 564 772
3 10 87 685
9 6 882 970
1 4 265 392
7 3 333 430
1 9 455 579
4 8 948 993
5 6 163 601
1 8 56 923
3 8 19 592
7 5 386 661
2 6 93 928
6 5 268 548
1 10 167 534
5 9 158 169
8 3 466 479
5 10 577 940
10 3 39 559
10 9 582 597
9 10 368 464
8 8 168 922
2 7 59 137
5 4 182 796
1 7 45 425
10 7 13 559
3 2 499 601
1 7 267 686
4 9 363 911
10 7 617 761
6 6 197 705
1 9 169 759
10 2 447 860
6 6 144 962
6 2 889 933
10 3 356 677
3 5 126 511
5 4 263 545
7 6 3 609
7 5 494 584
10 5 623 673
9 2 249 396
5 10 421 615
5 4 67 192
5 7 103 673
1 2 122 722
5 9 259 587
6 9 270 633
10 2 726 887
4 8 389 432
9 7 163 188
10 2 568 936
9 10 303 348
8 3 244 739
6 8 31 966
7 8 329 577
4 10 241 688
8 4 518 550
1 2 766 943
8 6 163 810
1 9 542 943
7 9 560 798
7 10 138 188
9 7 232 535
4 1 334 528
5 5 213 404
1 10 200 654
6 6 407 574
4 7 71 608
9 10 41 330
3 4 580 784
4 2 430 696
3 10 91 663
10 10 213 431
2 1 677 728
6 5 616 719
1 8 410 951
6 4 394 437
1 5 173 569
8 6 419 915
9 8 404 650
6 6 238 510
1 10 569 669
10 10 95 691
2 1 4 528
1 2 114 391
5 9 824 835
10 3 439 498
4 8 172 445
10 5 696 778
2 10 592 820
2 9 722 861
2 3 264 798
1 7 240 632
7 9 680 973
1 3 658 995
6 7 93 401
8 7 195 435
10 6 344 596
5 10 451 860
10 5 551 768
10 10 423 718
6 9 484 646
5 9 247 756
2 9 409 496
6 10 97 800
4 1 51 967
7 2 392 799
4 3 144 169
5 3 190 971
1 10 268 959
9 2 53 253
8 9 239 405
7 8 61 924
4 8 83 784
8 7 136 810
1 3 345 505
3 3 779 798
4 10 662 826
4 7 166 591
5 5 587 949
2 4 44 203
9 6 610 670
3 2 507 660
4 3 570 738
8 1 655 721
4 10 439 818
10 7 77 267
2 4 555 721
8 7 552 747
10 7 126 795
8 10 289 493
3 5 66 99
5 2 376 964
6 9 312 901
4 10 68 795
1 4 521 606
1 7 275 585
1 10 586 899
6 10 562 957
10 10 251 987
8 5 276 315
2 7 536 838
5 6 321 725
3 6 422 732
6 3 247 508
10 4 95 679
2 1 542 667
10 8 676 932
2 6 94 561
9 1 17 769
1 8 273 782
3 7 130 163
1 3 378 695
10 2 936 986
6 10 205 280
8 4 325 972
6 8 306 483
8 9 181 726
9 6 465 761
3 9 438 841
2 5 321 987
10 7 99 1000
3 4 431 884
9 10 197 324
10 3 74 279
3 2 166 522
2 5 172 291
4 2 349 837
1 3 63 158
1 8 130 981
6 8 164 607
2 10 102 572
7 8 845 967
7 4 55 433
4 6 481 758
7 9 429 992
7 1 471 973
7 4 104 696
6 8 181 313
3 10 139 807
3 5 572 624
3 10 258 906
3 4 497 559
4 10 305 886
8 4 581 828
2 9 27 80
1 7 88 833
4 4 338 992
3 1 763 806
9 1 52 391
8 8 308 518
2 4 393 417
10 8 340 776
2 2 588 959
7 7 94 273
2 7 602 857
10 9 178 995
8 2 287 873
2 10 341 385
3 8 189 503
6 2 383 821
3 7 203 996
1 2 472 935
4 10 713 747
6 10 812 930
2 10 688 951
2 3 635 938
8 1 793 958
9 7 164 879
5 3 369 877
2 9 92 164
8 6 60 575
8 7 624 726
10 10 527 628
4 1 141 536
10 8 494 810
7 3 490 685
10 4 629 813
1 3 39 196
1 7 214 805
3 4 57 882
7 7 281 657
10 9 85 675
1 4 192 282
5 4 462 715
6 3 110 227
4 2 74 783
8 10 510 773
7 2 556 930
9 5 809 820
6 3 80 492
8 6 359 821
2 2 435 526
9 3 790 798
1 10 355 756
3 6 152 283
7 8 249 823
9 7 82 354
6 8 226 512
5 6 7 974
8 9 114 126
2 10 92 864
10 10 317 403
4 4 825 921
8 5 217 894
5 2 625 974
4 1 390 987
5 7 644 827
4 8 258 337
10 9 191 271
7 4 33 778
6 7 439 459
6 2 831 988
10 1 476 986
8 10 268 520
7 7 132 676
7 9 241 939
8 4 28 745
6 9 472 536
8 7 212 620
4 4 219 762
3 5 116 125
4 4 195 796
9 4 321 705
5 3 154 563
8 10 617 735
9 10 285 290
1 3 122 246
1 8 300 722
4 3 282 366
4 7 387 802
8 9 274 681
2 4 101 621
1 3 119 879
6 10 359 448
2 5 31 88
3 3 58 338
2 2 146 656
6 4 661 951
5 1 261 966
7 8 332 793
1 2 766 779
1 10 234 639
3 2 418 620
8 10 310 588
8 10 265 824
2 5 572 721
4 8 221 663
1 2 102 481
10 10 122 341
5 5 626 883
10 8 420 761
9 7 413 702
4 10 288 475
2 7 191 713
4 4 457 540
3 1 298 859
8 8 260 533
7 2 112 371
2 6 261 374
7 1 32 251
3 1 311 570
3 9 402 979
10 10 217 453
7 3 216 498
6 3 148 995
8 3 258 946
10 5 267 559
1 9 37 628
10 4 148 454
10 6 368 932
6 4 546 868
3 6 939 978
4 7 120 569
8 5 54 823
7 4 135 913
7 10 656 973
1 3 173 716
6 5 37 232
9 1 668 875
7 1 139 931
2 5 746 965
3 9 326 955
9 2 27 604
9 5 774 801
10 2 405 629
9 1 341 891
3 2 455 712
4 4 760 981
9 5 358 395
6 8 496 799
4 9 343 662
3 3 99 676
8 9 625 815
9 8 68 936
3 8 545 726
10 10 424 945
2 3 105 429
10 1 80 286
8 10 32 139
7 1 26 577
6 6 516 790
1 9 928 970
10 6 79 792
1 4 316 880
9 2 442 597
6 1 782 961
1 9 55 642
7 9 226 477
7 2 332 835
10 4 703 932
2 9 391 464
10 3 617 947
1 7 272 781
10 5 674 873
5 4 405 618
3 10 411 637
10 7 315 813
6 7 451 513
4 2 69 73
1 8 571 583
1 1 49 486
8 3 713 751
9 8 911 941
5 10 731 756
3 8 182 215
10 7 442 535
4 2 47 247
9 4 302 607
7 9 412 527
6 8 268 714
6 4 24 970
9 6 102 566
10 10 411 572
9 3 337 526
3 7 260 873
5 10 185 463
5 7 72 756
8 2 64 631
3 4 755 836
8 10 97 710
8 8 425 570
7 2 74 540
8 10 463 894
5 8 584 703
8 7 330 535
2 6 51 943
8 8 287 374
5 6 125 867
2 1 18 98
9 7 27 997
2 4 75 385
6 5 555 762
3 9 576 634
8 6 34 876
4 9 472 473
3 2 573 769
6 8 307 517
2 8 378 913
7 6 21 790
1 3 22 234
7 2 343 623
4 6 157 584
3 3 68 763
2 5 660 886
5 4 487 986
8 4 73 808
7 5 323 951
5 8 307 423
1 2 980 987
8 8 337 548
6 1 845 959
6 7 96 837
2 1 25 956
2 8 170 422
5 10 28 629
2 7 209 488
5 5 68 615
7 3 173 906
10 9 671 946
4 2 180 913
9 8 602 699
6 3 107 758
10 8 195 765
4 9 551 671
7 7 795 824
4 5 269 591
9 5 313 813
9 8 515 743
9 7 892 902
5 4 335 765
5 3 333 562
2 4 7 858
6 5 520 631
8 8 167 699
10 2 328 962
8 10 180 515
6 9 323 759
8 2 682 959
10 4 402 499
5 8 626 736
5 7 581 643
9 5 597 708
1 7 707 931
9 5 523 941
9 8 412 482
1 8 540 555
6 2 133 159
8 6 217 495
6 10 219 592
1 2 854 869
5 4 117 846
6 6 144 664
7 4 618 675
1 9 212 964
2 10 55 891
1 8 228 793
10 6 105 193
1 6 78 920
3 3 161 838
5 2 563 899
8 1 183 426
1 8 183 212
6 3 203 645
10 5 144 815
2 4 9 558
10 4 309 735
3 7 212 230
9 3 18 247
5 6 268 612
1 3 628 971
6 10 66 715
5 8 826 942
10 5 264 406
9 4 16 627
8 8 87 311
3 9 647 747
9 3 108 464
1 7 532 746
3 2 230 870
6 8 362 428
7 6 82 543
2 2 69 80
7 5 552 987
10 7 49 777
8 4 462 630
7 9 775 871
2 8 628 629
5 10 463 475
2 6 285 804
9 9 261 987
8 7 120 446
3 3 463 943
4 5 209 669
1 4 45 515
9 7 190 856
3 3 91 601
5 2 264 555
2 1 559 869
8 3 176 650
4 8 422 827
1 3 271 903
1 5 446 765
7 7 205 319
7 4 44 823
3 1 537 841
1 5 286 533
7 8 237 456
5 1 124 518
10 3 287 338
1 7 329 497
3 3 72 82
10 1 775 843
3 9 397 496
4 8 46 230
2 10 297 583
8 9 906 927
3 2 81 758
3 3 98 631
8 4 329 870
4 3 179 482
1 7 231 597
3 1 330 500
8 4 535 668
5 9 325 688
8 9 293 845
1 1 283 304
6 1 665 827
6 9 735 784
3 9 96 119
6 9 330 449
5 4 638 640
1 6 365 739
4 4 75 494
8 6 252 378
9 1 1 200
4 6 418 468
6 1 589 600
9 5 531 990
6 3 180 877
3 5 54 610
2 1 488 563
5 3 578 849
3 5 91 434
1 3 147 504
3 10 70 385
1 10 72 721
6 3 8 820
3 4 346 708
8 7 877 964
3 3 428 455
10 4 761 849
4 5 276 603
1 9 235 818
1 5 267 401
9 7 292 923
5 8 140 831
6 6 49 410
8 4 608 787
4 2 259 532
5 5 164 500
8 6 11 276
4 2 107 140
3 4 880 994
5 6 460 520
1 5 738 863
5 4 271 575
6 6 627 720
1 10 101 641
4 9 532 874
4 4 50 691
8 5 372 960
2 3 155 993
4 5 320 907
6 5 74 233
1 9 98 190
10 1 611 968
1 9 489 662
1 6 505 956
8 9 584 638
10 4 304 338
2 7 303 330
2 5 581 676
8 4 493 535
1 2 17 28
5 2 896 941
8 7 238 744
7 2 244 660
1 6 563 706
2 6 124 558
8 5 69 141
3 4 25 992
1 2 41 773
6 9 798 849
8 10 440 850
5 3 82 832
6 10 155 180
6 10 117 995
4 3 7 541
4 10 316 488
4 4 525 599
2 1 7 861
8 6 269 362
6 4 45 312
2 10 852 929
8 6 101 588
3 6 212 940
8 1 35 709
1 3 126 962
1 9 772 978
8 2 432 694
8 5 341 489
5 3 884 935
7 6 288 767
5 9 44 570
10 10 257 803
3 4 204 647
9 6 63 956
4 7 295 401
5 5 525 586
10 3 252 810
2 7 211 901
1 9 319 632
5 10 401 838
8 8 248 643
1 3 652 711
10 8 620 742
5 1 279 730
6 10 622 768
6 5 683 721
8 7 341 548
7 5 478 933
1 4 406 618
6 3 302 811
2 3 507 676
8 3 126 772
7 1 74 947
3 5 292 753
10 10 117 535
4 6 201 301
3 10 278 358
7 6 99 295
6 5 9 309
1 3 419 841
5 5 337 705
3 2 579 599
10 9 410 696
6 4 473 537
8 7 346 636
10 1 88 582
2 9 388 642
7 10 309 600
7 6 93 479
8 2 127 692
9 6 283 558
5 8 205 560
4 10 8 573
10 7 296 447
2 10 199 954
9 6 36 658
6 2 127 942
10 3 643 676
7 10 223 404
9 9 60 643
6 2 46 780
7 9 605 606
10 9 221 560
5 6 718 849
5 8 84 239
7 10 204 628
6 1 83 947
6 2 384 946
1 4 78 600
7 4 187 897
3 6 91 96
7 10 210 374
7 6 320 912
9 5 343 733
5 7 698 721
8 4 213 968
2 9 344 551
6 9 562 766
6 6 167 509
6 4 163 438
2 3 744 978
8 7 244 400
6 9 506 528
9 3 588 844
5 4 365 744
1 9 135 953
6 5 636 713
9 1 593 680
4 5 236 821
8 3 76 85
3 10 302 845
4 4 54 468
1 2 215 307
4 5 5 535
3 4 80 337
4 10 677 756
4 8 615 760
10 4 203 917
8 8 77 593
8 10 48 253
5 6 183 718
1 10 8 420
5 9 587 604
2 1 50 56
1 8 124 719
3 7 368 452
6 5 244 535
2 4 752 895
1 8 148 898
7 8 231 368
5 9 46 736
10 8 579 679
1 9 337 859
2 5 174 950
9 10 115 638
8 1 93 684
10 1 114 818
5 10 150 857
4 7 169 471
2 4 428 461
5 4 597 983
1 7 170 829
10 3 679 763
8 8 397 542
10 2 289 512
7 3 466 632
5 2 423 588
9 7 74 960
10 6 309 556
2 6 815 936
6 5 639 693
5 8 193 596
10 4 481 746
6 6 110 620
10 5 299 485
4 10 755 911
10 6 191 605
6 4 754 959
4 8 318 554
10 10 57 957
5 2 560 562
5 10 731 825
1 2 211 901
1 2 341 381
