456210
-1
1218286
720659
1711614
141607
2261947
1909619
91368
641143
264695
1223860
3058258
2968753
1111761
409340
163692
3246601
783579
106576
484398
1233017
2210648
365621
2194536
2952055
704466
1160437
787349
1436207
1322250
2476193
717349
341625
1061848
1665344
2014644
1418875
2223742
2670788
1093778
246319
16681
2717721
-1
1109346
289619
817852
651327
600394
1345749
1648089
2275564
1039195
1140850
912713
2265463
2534224
2313904
1161724
934091
88655
1808229
1498621
397263
2598773
604517
459484
176641
1262651
342962
697800
1866799
898580
3019231
1302448
2839627
2602270
359588
1973857
2973431
341047
714534
186654
909267
3929760
2760049
2066824
3766064
1892694
112702
602502
948040
788892
-1
710135
3807310
1903796
1125624
119442
3148192
270926
-1
2101435
1299198
2305828
1924421
316568
-1
647052
1307484
2224339
2712345
2440990
239247
878289
622772
380132
1881880
2671473
1354689
1009785
3396370
2830821
2587799
716187
536405
2259346
1296479
992229
-1
167168
297859
221370
1836568
1617963
1749695
2287700
2824827
83159
1460116
2563127
165410
2479772
546141
1715999
2299924
1559060
1523935
560321
1721025
1463644
2926933
1243209
2926379
233163
1321033
223526
613932
133673
182401
1223250
79900
669254
998385
1432815
3698769
948116
605412
1726180
1423777
1234702
652807
1978274
3475718
1516849
2460559
2718403
3545284
3282874
306322
391197
1077675
1567962
829363
233425
1954122
1784594
1581049
804753
129376
590387
681133
751396
966132
2499504
2145538
802189
545772
2026951
1644936
1820588
975600
1673665
2085257
691337
480434
2939771
1268513
1807737
312563
1378619
500661
104692
1341904
2021658
1339055
1395193
-1
568560
-1
1976972
759271
1415304
1537295
216855
3035346
2160949
334886
1682303
3591776
2141525
347943
816452
1092118
1525369
750715
980735
67718
3272725
2138506
1179916
-1
1079665
415003
1634917
2776362
1562282
657905
3714276
434770
3282328
2326449
566031
831292
1275004
2396794
748495
888696
633108
1966491
2077250
825834
2511985
1837025
217617
1700293
1930552
1618745
2741205
36049
162289
1222918
2914776
1691595
77881
2706270
891317
958595
1907396
399902
1253310
739427
179997
1782499
1325007
1758813
-1
2194890
1209918
3742939
1867209
369964
1396880
3185573
644379
1806636
1501605
855675
285855
587967
914209
1471942
3297601
770244
1702903
2197956
2401578
147024
2406493
216750
977257
1308821
351321
505969
323618
1291987
1245766
1985592
215028
3224229
2734019
199559
2304856
541216
2657154
2511352
1410417
1534764
57071
689022
212284
665821
2319729
1204144
3370058
872367
-1
235675
3233286
343526
2419181
241732
2365704
1120476
1158971
2160553
1467709
1127363
3977289
336649
276115
1716144
147354
516452
831652
1456882
3665677
1648188
2506390
871491
1453131
678210
697418
254881
3671958
1254146
118995
1931370
302249
96093
2120136
385123
1495936
1020339
451750
1641702
1136462
2720611
2292105
1080048
1735742
3187192
286481
1855315
1788287
3665721
1332985
235273
1584016
2691735
952409
571949
494904
-1
1397131
2036153
2477223
2460520
929766
248751
3014274
2420903
2652263
979518
54016
549936
-1
3470905
637490
1330001
1340903
1155026
834458
1390361
984241
1542020
2221464
3150587
1831100
-1
2559836
2228319
1814741
497390
623502
698777
32481
2045143
73061
1368771
2879011
307821
619064
169050
357900
1906346
71305
578280
623592
503334
1644372
130852
-1
3197124
2603561
538322
2746695
1308076
377545
152375
1328670
2483612
2851741
1937696
2251313
1993720
2741512
116756
3715026
1271291
406129
1167772
885102
2045645
487239
482443
3652072
240745
2594158
57160
419478
2311114
-1
1198481
120395
1375065
1192815
1354020
3431271
1450884
742683
814809
1131634
921215
1056587
391836
3376510
1330812
733987
2842461
100430
672696
197634
3247004
2413883
3157868
2314754
569795
1146929
148257
850871
1132551
1912943
769432
2153048
670829
2945571
1728945
2199055
1145873
115811
1475868
1156103
3025211
2582670
1449451
3639898
1274822
1350413
1964358
1869726
1182172
658759
263571
464387
1888860
250340
389543
2560207
1004208
75897
284617
1255711
1289973
1502680
2112051
1620611
687518
1998551
613643
356796
2809427
2409999
265571
877751
322228
779276
3282160
1800061
3677804
823035
2302114
761785
613505
34395
1358221
461382
1622225
476255
3480259
573607
177117
121012
2347917
395652
2275550
2740016
291110
2068693
1385358
2654168
3423079
2903415
989664
1676656
642609
2637653
1064080
1337472
453065
491637
1186472
1163148
2920920
2949360
1493240
302710
707629
730549
1040769
151250
1235184
1007101
1103668
2009224
1574985
447676
247896
3107280
802747
1015473
-1
160233
676015
173088
912369
1662259
3741266
332383
1088973
265380
649352
932629
856530
1764170
1246406
723423
2842822
2644563
492051
204023
1798175
1500808
535571
163741
2308655
1201821
274186
2057997
1934632
2024303
1098234
2177675
210360
108371
3738534
180234
2248002
3293239
699460
1016798
1089710
1310437
102605
2034234
2363750
237055
1398009
3222643
1338906
619985
1021268
2023596
252487
3564803
1749440
3050498
1512610
3843309
1546806
3417047
896355
941203
2646470
1291920
3734869
3383425
186964
3267593
559902
1701863
1074497
2129159
346188
3255786
1102802
2428567
2296673
2154481
1867525
676426
895535
100698
-1
1061869
347544
693090
2323057
2429089
164094
552076
548482
566036
363239
1741965
91267
2648249
1643832
650233
1600938
3305880
1634065
1208789
1573830
1155481
2548187
284610
1941654
2245980
176464
2204482
1136608
753244
2538023
412528
1364327
1168446
757589
152060
2891041
508939
1784944
1696316
922112
2750813
1333186
1563526
740475
2806072
909619
1978719
2661884
3229307
-1
2758260
1039094
2516802
1932975
95673
340588
2397056
1182286
1906820
2038081
1647454
1605173
1805321
1141417
2784819
1211459
1058941
1809651
539905
1170833
325047
2539673
401126
1064449
2498486
1501440
1933676
-1
2696268
761346
3093417
72238
2208880
456800
680710
-1
2497028
1556733
208003
877724
1315287
1318558
770091
56477
2798693
2909032
553999
1128096
775116
1828125
347408
2606300
243591
502945
753971
255019
560654
2092935
1885783
598693
1204896
204753
2842158
2402778
1003171
-1
1558242
1037539
410244
2656859
2502397
1395125
2330017
367097
359273
1243333
592168
1283100
355619
282705
1286931
2302109
914407
2436320
1034883
1525115
454474
1171573
1452842
554858
775961
160824
2612152
409778
923916
2255445
2854834
666236
2383501
2192167
796857
566178
197957
771306
2833426
883444
384956
937493
254963
240264
1328124
857117
1689003
82707
1013089
1772514
932173
1536951
3592165
1971541
2393865
858148
213749
1234145
1327931
1324162
3319619
1845566
179046
1612411
450449
2601770
276366
742897
83345
1544320
1827308
888400
1255292
197661
728814
2169168
560450
2559608
1638722
499482
259336
405522
1389876
718759
1887243
298628
825653
1148353
1725388
770022
1992029
153329
1483233
2398166
2572295
743816
893129
255114
1756669
1792241
2085262
3503876
900668
1731224
3368524
719723
2273835
-1
321098
1384298
1193237
750268
1824176
1730090
1203117
1357458
1968699
401521
1358716
3487654
2891108
638852
1773476
2805019
1266819
2285795
343419
2021600
619756
1519625
688437
308232
1993016
1267399
255761
1699784
444264
311285
1213436
3094490
1520695
815374
1368123
2616639
952328
1419638
1611442
348631
1649665
2110163
2601650
3125693
1763744
1111945
893882
3381209
1991071
2199503
166540
1145366
1322620
995270
708379
483770
2403144
383191
1245692
2187269
1420155
139742
734782
1290922
631789
199576
79848
1121644
1747646
1077694
256297
2543112
1585605
888598
922953
2120107
1604123
2874431
776660
1091148
800158
1388267
2130535
1409142
1843361
1143898
2094778
777208
1405678
1099641
83693
