10 1000 1000
2 5 7700 987
4 10 3250 2568
3 2 1558 633
1 1 2414 6044
4 8 4177 5525
6 7 2410 3556
8 4 9178 7799
1 4 9860 3303
3 2 2030 8140
7 8 1793 1029
5 6 6976 9366
6 3 9195 112
10 2 8888 5798
6 5 4430 2990
5 2 6274 1209
10 8 2981 6686
8 3 9625 4681
1 10 5243 7945
4 9 6424 3977
8 10 275 8662
4 6 1107 2361
4 10 5787 1973
7 9 1023 1862
4 10 3492 7580
5 2 7350 1051
10 2 6639 9856
6 2 951 2024
8 2 6970 5828
6 7 2548 5314
7 6 8732 2132
3 2 5703 592
3 2 3831 1590
2 2 3473 4246
8 6 5741 6238
6 4 8537 9325
7 3 5608 7623
4 9 796 250
2 1 4357 8030
3 2 9519 5434
5 8 9749 3433
1 7 5955 3988
5 6 3912 1210
8 7 9614 2718
5 5 5831 2995
9 1 6952 6556
10 3 8770 3338
3 3 311 2032
9 4 7541 7994
5 6 2449 3791
8 4 3065 770
5 9 486 7304
8 6 591 5
5 7 2455 4634
3 2 6921 9142
10 9 9438 3235
6 4 1286 2036
9 6 4772 8191
10 9 5656 1081
9 7 977 7499
6 5 6151 2413
10 6 6736 3154
6 1 1537 3925
6 1 8594 1207
5 1 9433 8025
9 7 1668 5514
6 7 7453 2954
2 6 1246 7688
3 8 6553 7563
5 2 619 4568
5 2 8662 818
5 3 4700 6372
7 1 9912 9240
1 3 1577 2342
7 6 4768 1836
3 4 6677 1568
10 6 4682 8497
8 9 7391 2357
6 10 7644 3120
10 10 7132 176
1 6 9500 192
9 4 7100 6286
6 7 7226 3348
2 6 5111 1103
4 4 1202 7372
2 4 4499 5493
2 10 8381 477
9 8 1138 2329
2 10 5516 8979
6 6 530 3212
8 4 4997 2223
5 6 257 9275
3 2 89 9279
7 4 6320 2266
5 2 4081 8240
1 8 4421 9091
9 7 8593 6628
4 8 8329 5541
4 9 7090 6130
7 4 1052 7325
7 10 3101 8422
5 3 1393 6464
5 4 1262 3629
10 6 4379 2214
3 3 9906 8811
5 4 6645 3953
3 6 4769 4612
2 4 589 3051
8 8 3598 9176
3 6 6248 5660
6 9 6989 8512
10 8 5337 7245
4 6 3942 5841
6 5 1323 152
5 4 898 1856
8 10 8896 9745
9 2 7194 555
1 9 513 5687
7 8 1636 4925
6 5 255 3513
10 6 5736 5437
7 1 6843 6866
10 1 598 2222
8 10 5688 4483
5 7 1107 6219
4 6 1812 3403
1 5 595 4017
6 1 2844 3082
1 1 6397 9961
1 7 5670 5080
6 7 3356 4706
1 9 7613 5370
4 7 4808 9997
10 3 6395 9454
4 5 6392 9875
5 3 2686 7332
8 8 2049 9179
9 3 1668 9572
6 3 8147 2951
1 1 2716 1534
10 4 9371 7591
7 6 8504 2744
6 8 1038 1220
3 9 1820 3135
5 7 423 7499
8 9 2867 8905
9 1 5551 5238
6 1 1500 359
9 3 887 9352
2 7 8248 3204
5 2 9860 5895
2 8 9212 1155
8 4 7032 6736
6 2 2516 7137
7 9 1164 19
2 6 4162 258
6 10 4288 8560
5 2 959 4550
8 5 9783 7437
3 10 7993 3081
6 7 2401 583
1 8 2500 9352
2 9 2188 7627
9 10 2294 6193
1 5 6758 7610
2 9 6136 8759
2 1 7224 8497
10 9 3752 8856
8 6 4194 5666
3 8 7162 7184
4 1 8077 8561
1 7 9952 1385
6 2 9850 6304
4 5 7436 8832
3 4 202 1894
5 9 3475 9452
6 7 6796 7726
1 4 7773 529
6 5 7122 2433
8 5 9820 1789
2 8 7367 1849
3 10 977 8794
5 8 7285 2331
2 6 6609 2389
6 6 8960 2670
4 1 9767 4778
10 9 5398 1794
9 4 2573 969
4 3 1954 6094
3 10 9805 6457
2 1 2053 4675
4 5 6762 689
1 4 4456 1054
3 5 1035 1871
2 10 5056 1068
3 3 7520 4160
2 9 1273 1058
7 3 8364 5130
2 10 2461 8438
4 6 4469 8392
9 7 3132 834
6 8 871 7542
9 8 6026 4853
7 6 6425 4210
10 7 4591 7874
7 7 3557 4674
6 3 8712 2241
8 10 7198 3326
4 1 2613 1845
4 2 1022 3014
8 1 4314 6856
1 5 5219 6696
2 9 6189 5079
10 6 9214 3208
3 6 7084 3174
8 7 2105 1583
4 4 9370 1329
9 7 4636 538
1 5 9238 3722
4 4 9524 8220
2 5 3660 4147
8 10 3329 7112
9 7 4404 7439
1 2 3279 276
2 4 4882 6699
1 2 7319 3390
6 8 5131 1208
8 1 1889 6407
2 7 674 2900
5 10 3590 2083
2 4 807 3110
1 1 8969 3071
7 5 6712 4477
3 1 8839 1394
10 2 7932 770
9 6 9031 2670
10 7 8681 2094
8 4 4613 1020
3 1 2505 1201
4 8 4352 6365
5 7 2963 6890
5 8 8658 7108
5 7 8596 7449
4 5 4591 3918
6 6 2439 7130
3 5 705 4432
8 8 7962 4603
5 2 9831 341
6 6 7817 9745
9 8 7637 2406
1 7 1386 1982
7 2 7435 9143
8 1 22 2514
9 9 4810 29
7 2 7244 6375
2 3 1675 1740
2 8 3235 4547
9 3 1860 1894
6 9 6647 9754
4 9 2297 1770
10 8 46 8461
2 1 5093 4840
1 3 965 1456
7 2 1378 7265
8 10 4490 1920
6 6 8810 6729
3 7 2499 2490
7 2 1898 2839
9 6 4439 7057
10 10 6646 1387
8 7 7522 2188
9 3 4596 5700
6 10 165 8183
3 4 5661 6327
9 10 374 3152
1 6 4831 3354
8 3 8439 5031
10 2 5963 3218
7 4 8620 5558
7 9 3914 8563
8 8 9389 473
2 3 6517 1131
10 7 547 8281
5 9 7674 8107
7 1 5066 3755
4 10 1994 3196
6 10 4804 5957
6 6 1609 3921
1 8 4601 9925
1 2 2409 5369
2 8 13 7352
9 9 8402 2914
8 2 8945 7536
6 4 617 4151
5 3 8874 2418
2 10 1358 8104
6 4 1552 5723
10 3 1298 1531
3 1 5665 1719
7 8 1922 4617
2 2 4187 9791
9 10 4639 8232
1 3 2465 4144
5 5 2061 5700
1 8 3775 5519
4 5 5309 5894
10 5 6650 145
9 8 69 3843
5 7 6509 1344
1 1 8265 315
6 6 7763 9454
5 5 1250 7849
6 10 3640 1606
8 4 1786 7464
9 5 2660 8794
10 4 9898 9482
3 6 9408 3195
2 7 923 7362
10 8 260 6832
6 9 1681 3950
10 5 1300 2624
6 3 9476 7332
8 5 2226 5710
6 9 1569 8679
5 3 2456 2683
9 2 3441 3532
2 10 3235 2173
1 4 274 4429
9 7 7456 5679
4 1 4051 2082
4 8 8899 1871
7 1 3232 2371
9 1 245 5620
6 8 1867 5069
2 8 8802 3247
6 10 8112 732
5 4 1644 6988
8 5 878 6558
8 8 7830 4604
7 9 7199 5283
3 5 8969 4158
2 7 5357 6476
4 5 4092 5230
3 2 8734 5334
8 2 8422 7409
3 4 6723 2156
6 5 6426 6936
4 5 2708 398
6 5 2601 7863
9 2 6580 514
5 4 2315 706
10 10 4316 8962
1 1 5654 7972
5 10 6338 5768
10 3 931 1005
3 7 8694 6195
6 9 136 9230
5 6 4076 969
2 10 2753 9664
6 2 7784 8902
1 1 48 4350
10 6 343 838
6 8 8138 9122
7 1 2722 469
2 3 7700 4339
7 9 6079 2651
1 6 9706 8438
4 10 5170 7933
6 10 3327 9619
5 6 7352 9071
6 6 5382 5471
1 9 349 2042
6 5 904 502
1 2 515 9687
10 6 783 1831
4 8 7729 2622
4 4 524 5970
6 8 1838 428
6 6 3313 4413
3 1 8528 2462
8 4 4205 5848
4 1 2239 639
7 3 2436 6522
6 1 3641 560
3 7 2747 8528
2 6 741 1428
2 8 3124 2179
7 2 3904 9834
3 4 2599 4203
6 4 269 1684
8 10 6131 8302
2 3 5253 362
8 10 1652 7059
10 2 3454 4080
10 3 2084 2413
2 4 4523 6047
9 7 8871 1274
1 3 551 1727
1 7 6645 8659
3 3 1838 8904
10 5 3911 5973
9 4 8006 4184
2 6 8010 8925
2 6 6417 5725
2 9 7402 2937
8 2 1489 7932
6 5 2067 8198
3 10 7895 6847
6 2 563 7085
7 8 2115 8563
10 9 6496 4637
7 3 1487 2806
5 2 4832 4181
7 10 5651 4016
3 10 6561 4928
2 8 1022 3113
5 3 4902 4085
10 4 5965 2299
4 10 1979 2646
2 3 4095 6726
7 10 6638 2930
6 7 2533 1957
8 6 9307 9794
3 5 9575 3179
8 2 1824 3602
8 2 8365 7029
6 3 9444 688
5 2 5527 7941
5 7 6079 6220
4 8 5795 7520
3 8 5559 7323
8 7 539 8014
2 3 5715 1374
2 3 587 9883
9 4 1651 3905
6 8 6764 3464
7 7 5252 4022
1 9 1554 4729
5 8 1119 4979
2 10 596 2376
8 4 5329 3313
1 1 3596 1779
4 8 7442 9317
2 5 2950 5799
5 2 1274 8187
5 7 90 5868
5 3 629 395
6 1 6119 6519
5 4 4437 9970
4 2 9754 1896
6 1 6201 4112
10 2 3395 8477
3 4 4572 7969
9 10 1379 9775
5 5 983 7554
9 7 7645 7249
3 9 2883 6538
1 10 8352 3200
5 4 3388 124
10 1 2629 6051
5 2 4410 4499
9 6 2323 3544
5 1 5149 3373
9 2 2637 5161
8 7 1061 5618
1 7 1138 6918
7 5 2245 6591
4 5 1050 9628
4 2 2306 9082
8 10 8457 8063
2 1 9406 6645
2 5 5493 814
4 2 9909 7215
8 9 4026 828
3 1 2089 4627
8 10 2577 5809
2 2 8619 424
8 9 6070 6945
4 1 3344 6337
6 10 3060 9617
6 8 6439 3212
2 10 2621 5440
1 10 4490 2754
3 3 8701 9456
5 2 4252 9115
7 5 84 3122
9 3 7100 523
3 1 826 4177
3 3 2680 8428
4 1 3926 7816
9 2 8150 9664
1 2 4430 4745
7 6 3419 3144
10 1 7882 552
9 3 1354 2985
1 6 2263 9184
1 3 5035 1263
4 8 7406 6042
6 10 4024 3160
10 6 6171 1350
1 7 8119 7911
7 3 5475 5921
5 2 2866 6610
2 3 6714 4824
10 8 9387 1349
8 7 6683 6463
5 4 6377 3983
3 7 1732 7205
4 6 9184 3455
1 3 4101 7998
2 5 6173 8929
3 3 5976 9541
2 6 463 1900
4 4 5078 6448
6 3 5552 4750
8 8 6905 9559
9 5 5233 1693
4 1 9161 5516
10 6 1888 409
3 2 1544 1095
2 6 3537 1829
7 9 2837 4391
7 2 9669 2718
8 3 3353 8391
3 9 8194 243
8 7 2983 3764
7 4 8408 7867
6 9 6311 9982
1 6 7191 3634
10 2 7137 5239
10 9 161 5318
7 9 726 7471
3 10 540 3069
6 9 354 1817
1 7 202 3814
10 5 8389 479
3 4 554 8277
5 7 9314 6667
5 3 4538 1855
5 2 73 7121
4 6 8057 7072
4 7 1931 7012
7 5 2288 9880
2 6 1761 3422
2 4 8832 8595
8 6 402 140
5 7 5323 9042
5 4 9373 7627
1 3 2602 8263
4 5 6356 2177
10 10 5758 7860
8 2 8400 9610
4 10 5008 6540
1 6 1125 3677
1 2 3882 995
9 3 3528 8594
3 3 1053 5591
9 8 3670 9461
6 8 6719 1430
10 9 1674 9158
1 6 2616 2527
7 3 3608 5261
5 3 2125 3714
10 3 7139 651
6 4 6363 9882
5 6 3609 6505
9 10 7355 4437
1 9 4646 443
8 10 4027 556
1 4 2431 2193
9 6 9745 8891
2 8 1732 7159
8 3 4792 6600
6 1 72 4740
3 8 3160 2601
3 3 7309 2866
2 9 9394 326
1 2 6340 2798
6 8 2507 9042
7 2 2998 791
6 8 5915 1384
7 7 2180 3857
1 3 176 1816
4 6 1049 6851
7 5 2179 647
9 7 3773 896
10 7 2257 7908
2 2 9085 5251
10 8 4319 1748
2 8 4923 98
3 4 7754 2619
3 4 5247 1080
9 6 3630 501
3 3 7332 6860
3 7 3088 2818
9 8 9539 9732
6 2 3436 5378
10 10 5750 5203
3 1 5789 4654
10 2 5147 3555
1 8 9361 748
4 3 9311 6556
10 6 700 4033
4 10 836 4453
5 6 7242 1834
5 3 4566 1932
8 8 7491 6036
2 10 3984 2241
7 5 1705 2418
4 4 6168 9643
3 2 5809 6456
10 8 7440 6187
3 10 255 8087
1 6 7147 4071
2 1 6612 1221
3 8 3625 4425
5 1 4608 1181
5 6 4056 9563
8 5 7970 2398
5 8 4152 9966
1 9 311 1274
7 9 7255 1958
4 4 216 4844
1 6 8396 5647
8 6 5320 7352
6 6 8820 8020
8 7 4520 3279
1 2 9292 1844
9 2 1317 4883
1 7 52 8665
2 5 1445 6174
7 6 4020 6948
10 8 6110 8648
3 6 4935 2213
9 2 3344 6224
7 10 7047 3372
7 9 2195 5335
6 10 393 6574
2 2 8454 9125
1 8 1446 1446
1 10 8088 7431
3 8 4870 1424
6 4 1164 7464
6 4 1299 8183
4 1 7947 6461
4 9 4532 805
3 10 5473 5017
6 3 254 2228
6 2 142 3468
4 6 2488 427
5 2 2486 642
6 1 8390 9873
2 4 6881 3963
1 8 3943 262
3 5 46 2577
6 1 8014 1698
6 9 7240 1167
4 8 5819 9493
8 10 2358 9570
5 5 6055 1358
10 8 5090 956
4 8 4266 403
7 9 260 2407
7 9 5395 7755
7 6 2127 9579
2 8 5346 5445
6 2 1908 4404
1 3 8962 8285
2 3 7505 2427
3 7 8069 9418
9 8 7517 5282
4 2 1060 9319
1 9 3626 7924
6 6 8486 1658
3 4 43 1006
8 8 4235 8381
6 5 4073 9065
6 10 2083 2046
5 6 992 6616
1 10 598 1866
4 8 1104 65
3 3 6816 8713
8 4 4509 4348
4 7 3162 6575
7 4 818 5141
2 9 5498 8525
6 7 8710 6467
10 9 8230 6367
7 4 4477 8978
7 1 1606 9266
5 3 8071 2335
9 5 1194 2642
5 10 9841 3393
1 9 1665 5643
10 7 6469 2298
5 10 6166 4815
10 8 9733 6101
2 2 1056 4236
2 8 9567 1988
2 2 9007 6324
4 7 2724 2904
1 6 867 1213
9 1 617 6214
5 4 2485 5757
3 2 641 6458
3 4 4764 2803
8 5 8383 496
8 9 3141 1151
6 10 954 2929
3 2 312 8545
10 7 9109 7725
9 1 6020 470
5 1 9816 770
6 9 315 7934
1 7 9979 6928
10 7 5364 9970
4 1 9975 7367
9 3 9668 4732
8 4 9381 8221
9 8 8705 4021
10 5 2116 6109
2 1 6694 852
9 10 4831 519
4 10 7135 64
9 1 2360 7518
6 3 10000 7897
2 7 477 2022
1 7 462 791
3 8 1246 8010
3 4 7047 6575
9 10 2257 7917
1 5 5780 9095
1 7 5706 9327
8 3 6537 9948
1 6 9226 5333
7 4 9852 2366
4 10 4219 2826
9 3 6980 1138
1 5 2121 4876
1 4 9383 6391
8 7 8149 6145
5 8 2496 1051
10 7 5760 1756
2 1 649 9647
5 3 5830 8141
3 9 3498 6077
5 9 4831 7324
6 1 1889 8898
6 9 3905 3199
8 6 9730 6871
10 5 3527 4014
5 8 802 1794
7 1 6948 5120
7 8 1593 2240
10 10 4107 5830
3 10 2474 3523
10 2 499 5889
1 2 9780 5152
10 5 6521 523
10 9 2414 1758
6 6 8990 7865
1 5 9360 5975
6 2 4214 1133
4 8 1707 963
7 10 3239 4254
3 8 8354 9135
7 3 9279 4345
1 8 7287 3513
7 5 1150 2354
7 8 117 1885
2 2 2728 322
1 5 9853 5704
7 2 740 5740
10 4 6382 7553
3 4 2414 4888
6 2 6912 3761
2 6 6999 7503
10 7 6878 6658
10 4 3301 1713
6 6 6868 491
2 6 7696 2435
10 10 3429 8457
10 2 7089 25
2 7 1416 1289
5 4 6824 5806
1 10 4052 4181
10 8 1837 1677
8 5 4108 1856
2 1 6580 8304
2 4 1516 8161
10 1 7771 6742
5 6 1680 378
9 6 5282 991
4 1 2977 7660
5 2 8609 5050
2 3 8153 1829
8 9 3175 246
4 8 6830 3998
10 5 6715 6665
3 6 1686 6332
10 8 2050 7603
3 5 216 1324
3 10 8905 8543
10 8 1447 6225
4 2 3815 9806
4 3 2481 1564
10 4 5010 1591
3 1 3405 2714
8 8 2879 8650
2 4 8201 4898
8 10 8562 6274
4 10 4429 1883
6 6 3667 7634
3 1 4044 7477
10 4 1531 5197
2 7 7443 2406
10 9 4063 3491
2 9 7347 4659
1 10 9490 4240
6 2 1695 2199
3 6 2920 85
9 9 5724 7672
9 5 5697 1327
10 7 9626 8256
2 6 2446 4418
2 7 3942 5144
5 7 6910 1372
1 9 9245 531
10 8 5071 2628
2 6 9713 5288
6 1 3001 1233
3 6 7180 2426
8 1 3711 8365
4 6 5026 1912
2 4 3825 2949
3 3 8296 9556
9 1 9693 5370
9 6 1307 8308
5 3 2250 2514
4 10 7026 8108
1 3 8555 4143
4 10 743 1548
6 3 9315 2712
2 5 4232 7444
4 9 4140 4118
6 3 9323 4680
10 7 29 5707
9 2 3010 1218
1 2 988 7971
10 9 9225 4426
1 5 237 5226
7 1 6602 8920
5 3 1842 1029
8 4 5677 8909
10 9 6237 8750
6 8 5909 9759
9 10 8332 6235
1 3 2764 6413
9 10 2291 3515
1 3 4644 4203
2 3 4010 5666
1 6 7513 6519
9 5 4078 4228
9 10 661 1695
7 5 1216 7201
1 5 5056 7164
3 4 8959 2483
10 1 7292 66
9 9 7931 524
1 1 6135 1297
3 9 73 6599
5 4 7431 4312
5 1 3582 6542
10 2 5017 124
10 1 1500 1677
6 9 7642 8776
2 8 1435 1685
5 8 2539 8054
3 7 1286 495
5 4 2247 388
8 6 9920 4568
9 6 2961 1469
2 8 5548 8046
6 1 2955 6386
5 3 5667 3695
9 1 9125 8150
1 5 8093 2423
9 2 1895 9256
6 10 2494 6237
4 6 4427 2219
7 1 6221 3183
8 5 8479 9978
4 10 2315 211
10 4 3509 2914
9 6 8648 4590
1 2 6261 5741
2 2 9653 9437
10 6 820 7832
4 5 241 6089
6 7 2565 7654
3 8 6379 2297
8 1 4712 8522
10 6 9948 22
9 3 3222 8459
10 6 5813 8405
7 8 8771 5848
7 6 9351 7639
6 9 1552 3011
7 1 638 2894
7 2 1443 1113
8 1 6771 2976
6 1 4815 4284
10 5 3176 315
1 10 9071 2067
6 3 1361 1643
5 10 415 1731
1 3 2244 642
8 5 6578 618
7 2 7205 1288
4 3 4479 3880
9 4 4490 6984
3 9 2207 547
8 6 7402 3791
2 2 2115 2223
5 10 2305 3296
9 10 5448 7989
6 7 2648 8499
3 6 873 8933
9 3 1340 4865
1 3 2829 1901
1 3 6379 7178
3 3 8245 1157
3 10 1827 3249
10 9 7551 730
6 2 7811 4492
10 6 6822 2153
6 6 7566 2293
10 1 5280 9471
9 1 6038 4010
6 5 93 7286
10 3 4070 3068
4 7 6545 9082
7 7 2419 4856
3 3 2077 1746
1 8 5846 3301
4 7 8064 8678
1 9 6380 4959
9 6 3113 9325
8 9 8367 7196
9 8 8548 7064
5 7 5039 4289
9 6 554 8001
4 6 4934 1035
1 6 9382 2150
6 9 1772 7045
1 7 7976 2545
1 10 9068 244
7 10 6606 9729
4 10 7547 4895
9 8 8627 8404
5 8 5836 6047
8 8 1596 7359
9 4 8837 4692
7 5 3991 476
6 5 4893 8706
3 9 5163 5910
9 3 9602 6185
8 3 9596 2527
3 5 8398 765
1 5 2291 4506
7 6 267 9734
1 6 159 437
3 2 4051 9240
5 7 1121 2707
10 8 4171 2313
10 6 8163 5437
9 7 247 3320
5 1 7688 2052
1 3 9307 1406
9 1 7941 769
2 4 9118 385
4 6 8313 8239
7 4 300 4836
9 5 4250 3221
7 8 616 951
2 10 933 542
10 8 8037 3591
3 6 7427 5310
6 8 4921 851
10 6 4730 8884
9 6 9284 9957
1 8 6416 5759
5 10 8225 5543
6 9 396 484
9 6 789 4809
1 5 1168 7213
9 5 2366 1224
7 6 8061 7576
4 6 6788 8514
8 3 8439 3951
5 5 630 6383
4 4 85 179
1 2 978 988
4 2 365 647
8 4 500 670
4 8 510 923
5 2 496 526
10 4 198 733
1 3 471 933
2 9 456 473
4 9 695 848
1 1 201 267
5 1 303 587
3 1 129 856
5 1 164 876
9 3 443 699
2 10 528 627
10 5 905 947
10 1 133 906
6 6 418 598
8 1 425 445
7 5 334 444
5 3 563 862
4 2 373 898
5 1 828 914
10 8 215 737
7 4 238 944
7 2 505 673
8 9 335 605
10 3 757 950
9 7 76 421
6 3 482 794
8 4 113 706
3 1 2 170
4 3 633 714
5 9 437 683
3 5 477 872
2 1 222 704
7 5 96 433
7 1 157 683
9 8 66 697
4 7 390 642
4 6 169 231
6 6 980 983
9 8 323 973
6 10 216 250
7 4 326 577
3 4 496 558
7 4 87 280
7 8 111 272
9 3 397 527
10 2 148 470
1 10 426 813
8 2 155 692
2 8 318 550
7 4 389 653
10 10 498 715
6 7 91 627
7 4 387 995
8 1 396 947
6 3 113 399
10 4 315 528
3 1 615 632
3 3 420 848
8 6 168 526
3 10 194 292
4 5 321 942
4 9 253 395
3 1 684 793
5 4 766 811
7 6 141 445
5 7 605 684
10 3 175 355
1 6 325 761
9 8 511 728
9 6 254 977
3 1 416 724
1 5 142 819
8 1 28 656
10 10 190 286
7 8 191 666
7 9 84 787
6 9 158 240
9 6 438 603
1 9 481 518
8 5 550 770
1 7 22 967
10 8 162 827
6 3 253 741
5 2 5 909
5 5 201 652
6 6 678 699
10 6 793 939
5 2 121 352
10 8 738 929
1 4 967 970
1 3 170 349
1 8 43 962
3 6 71 521
7 10 680 951
1 3 474 498
6 6 68 816
3 9 43 103
4 2 149 165
10 10 425 926
9 8 260 557
9 2 42 595
2 7 155 613
9 8 116 187
4 9 358 376
5 4 519 672
7 10 181 491
7 10 105 632
4 3 86 729
1 7 149 730
7 1 366 417
6 9 676 888
9 4 43 190
2 7 521 610
1 8 117 559
10 5 89 717
6 9 3 337
9 1 617 855
9 1 16 835
8 10 15 694
5 2 278 888
10 10 502 671
6 10 674 802
3 3 432 974
7 5 462 765
2 2 262 490
10 9 666 666
7 9 72 105
7 5 406 469
7 9 865 919
10 6 258 687
6 10 363 742
6 5 310 716
8 6 234 774
8 4 198 874
8 10 709 722
7 6 617 968
10 5 112 728
6 2 549 589
3 6 149 738
9 7 788 919
7 1 530 947
8 8 280 827
8 9 564 947
6 7 587 957
6 1 20 155
6 6 445 852
6 2 442 781
5 7 126 831
3 10 527 827
5 8 248 938
1 5 367 420
6 8 48 368
3 7 26 83
8 4 390 527
10 10 871 900
10 5 303 344
1 9 405 682
7 8 229 249
3 2 675 832
1 1 525 755
1 6 291 624
7 5 11 898
2 5 723 951
2 3 764 910
4 5 22 443
2 7 31 376
10 2 295 574
4 10 661 813
4 6 134 609
2 5 148 990
3 10 301 653
10 1 111 703
4 3 329 977
4 9 97 948
5 5 2 791
9 3 496 557
5 3 723 815
7 8 696 956
1 5 146 516
2 1 28 231
3 5 928 987
1 6 361 823
10 5 251 670
6 3 407 777
1 3 234 425
4 4 247 276
5 6 680 814
7 5 68 229
1 3 266 440
1 4 325 546
9 4 241 835
6 2 426 938
3 2 728 924
5 1 554 685
5 6 344 823
5 4 199 592
1 6 112 544
4 3 520 747
7 2 433 831
5 7 467 966
6 6 188 360
6 7 528 640
9 2 171 881
4 8 288 575
3 3 61 489
9 7 627 698
4 3 213 540
5 5 179 308
9 2 655 676
8 8 461 777
10 4 492 977
3 9 253 563
5 8 466 799
9 2 926 949
9 8 154 298
7 2 403 403
3 6 463 936
4 9 187 374
6 1 55 400
6 7 153 519
4 2 256 308
7 7 254 984
5 7 123 639
7 10 155 234
5 7 122 522
10 10 14 882
1 3 251 753
10 4 283 359
5 5 254 439
3 6 215 470
7 4 453 813
10 10 397 561
2 2 344 559
2 1 625 635
1 6 22 806
9 6 453 969
4 1 133 417
5 3 988 990
9 7 3 268
4 5 888 992
8 7 519 914
10 8 326 991
1 10 456 832
9 1 715 871
5 10 85 969
2 6 61 158
1 10 123 906
3 9 230 780
1 10 185 328
3 7 665 858
10 7 613 920
7 4 351 919
7 2 417 587
5 5 700 910
3 1 37 177
6 9 458 932
8 8 22 516
6 2 624 822
4 9 231 832
1 5 524 968
2 9 475 518
6 6 380 778
6 6 146 609
5 3 464 849
7 6 132 788
1 1 567 575
1 10 62 100
3 8 79 372
8 4 130 827
5 3 167 567
7 8 490 504
3 7 41 686
2 6 21 240
10 6 467 688
7 7 40 497
9 1 135 235
7 1 663 961
2 8 424 595
7 6 480 516
4 7 50 474
6 5 9 336
5 5 250 659
1 4 408 435
6 2 414 940
6 7 194 479
1 6 23 926
6 8 545 1000
8 1 502 589
3 9 551 894
3 7 47 804
1 4 147 308
1 3 438 861
8 3 156 510
1 3 378 570
7 1 1 72
10 7 313 449
4 10 630 849
2 8 250 596
7 8 75 859
8 6 15 198
8 5 126 524
5 7 52 571
10 9 234 802
2 7 244 278
5 2 296 864
10 10 331 379
4 2 162 399
7 5 19 341
9 5 38 122
5 4 554 678
9 4 731 807
10 9 423 725
8 5 620 923
2 7 255 724
5 6 871 926
4 3 95 862
10 7 134 783
5 2 887 935
9 9 428 974
5 4 697 829
10 7 307 939
7 1 159 751
8 3 252 578
2 2 252 613
10 5 407 418
7 5 577 743
10 2 559 614
3 10 327 475
5 6 340 888
3 10 298 570
3 8 107 917
8 3 652 858
10 4 251 257
6 3 543 600
10 10 16 795
8 7 113 188
7 5 216 793
10 8 248 304
9 1 220 786
4 5 320 573
5 10 259 515
4 7 454 974
2 1 211 554
5 3 293 549
9 8 14 973
5 8 345 423
8 3 723 787
6 2 196 608
9 6 57 94
5 6 420 536
10 6 115 317
2 8 155 501
3 8 88 965
10 6 478 871
10 4 233 832
2 2 123 329
2 10 154 501
2 10 426 577
8 9 232 399
10 2 317 377
9 2 88 959
1 8 585 887
7 6 907 941
3 8 36 498
9 3 166 247
2 8 766 791
7 2 468 966
9 1 733 825
6 10 548 906
8 1 578 829
8 5 442 543
9 5 388 771
3 3 34 312
9 2 75 722
5 9 7 550
3 8 570 836
9 8 458 867
2 10 122 881
6 5 781 848
4 3 474 920
3 1 303 719
9 4 99 982
1 2 219 530
9 9 613 667
8 8 341 711
4 10 9 659
3 8 412 632
7 1 330 459
7 5 805 925
5 10 513 514
7 3 384 712
3 1 345 825
5 6 112 704
7 8 289 864
3 10 383 599
2 9 10 72
3 4 259 984
7 7 278 851
1 6 73 708
2 4 158 399
6 1 566 581
4 10 323 449
6 2 455 460
8 1 65 895
7 8 306 451
7 9 412 727
2 2 124 441
8 9 533 804
9 3 238 431
4 6 191 525
5 6 403 631
3 9 81 445
3 8 170 707
5 1 5 759
2 5 10 454
3 10 945 948
8 8 369 982
8 3 68 597
4 9 107 537
5 3 781 896
7 8 434 570
4 2 365 523
3 7 604 610
6 8 277 749
9 2 814 833
3 1 314 631
7 2 80 762
1 3 293 360
7 10 250 399
3 2 662 692
4 6 826 909
9 1 169 624
4 9 973 993
4 7 155 293
7 6 761 913
1 5 455 567
4 4 251 634
10 8 347 374
9 10 64 66
8 2 180 949
9 9 22 645
5 2 639 764
9 6 206 863
4 6 191 505
1 4 637 724
1 7 849 883
8 7 342 650
2 5 88 673
4 8 78 754
8 1 419 880
7 6 107 640
8 8 303 771
2 2 319 964
8 4 414 438
2 1 101 997
3 9 611 919
8 8 432 524
4 5 28 315
7 4 438 638
1 4 397 880
5 8 194 314
4 6 187 311
6 10 34 908
5 2 735 797
4 7 318 937
10 8 691 703
10 8 136 239
6 3 413 965
7 5 798 813
10 9 493 775
2 3 706 731
5 2 255 560
10 4 459 740
7 3 117 443
6 7 47 871
3 6 638 993
8 7 473 649
6 10 642 841
2 2 476 739
7 9 80 298
6 7 175 433
1 6 23 116
9 3 98 902
9 4 467 778
4 8 293 458
10 5 253 930
9 7 185 211
6 5 625 782
3 10 904 951
4 10 31 812
7 10 225 803
10 5 82 835
4 6 74 626
2 10 463 593
9 4 507 776
10 5 3 34
7 3 499 698
4 7 68 341
1 8 222 676
2 6 167 357
8 9 416 936
4 7 824 990
4 5 66 764
3 6 242 649
2 2 428 949
5 8 89 362
2 1 217 244
8 2 1 364
4 9 614 892
1 10 48 768
2 10 197 815
4 6 336 673
6 3 108 986
1 4 536 842
6 7 481 800
2 3 264 727
1 6 533 990
8 5 544 831
2 5 422 566
7 2 545 609
8 2 60 164
8 5 250 692
1 7 529 585
4 2 21 117
3 6 364 975
3 6 412 647
2 5 927 944
1 10 863 939
1 2 423 714
3 8 568 886
3 1 271 621
6 7 111 614
3 2 28 422
10 3 463 622
8 4 244 714
4 6 358 495
9 1 885 965
9 9 217 891
1 6 118 691
1 10 667 726
9 10 244 451
8 5 427 495
2 1 36 226
2 8 68 852
4 10 484 917
8 4 85 961
2 7 638 836
2 9 364 906
7 9 31 213
1 4 277 416
4 8 372 383
4 4 121 450
10 5 686 793
4 8 525 913
7 8 669 776
1 4 144 988
10 10 238 369
9 7 600 637
9 4 48 73
8 4 270 825
10 1 818 906
4 3 282 816
1 3 291 944
6 6 704 771
10 9 33 522
5 7 281 600
2 3 30 669
4 3 74 891
7 5 287 977
6 1 628 862
9 8 222 623
7 3 299 447
6 6 88 715
1 4 675 928
10 10 271 576
9 1 367 468
1 5 145 265
10 8 336 609
4 5 700 988
7 4 210 905
2 10 278 981
2 8 636 998
3 9 748 827
3 3 107 280
10 2 404 560
9 6 295 533
1 5 936 967
3 10 205 496
10 8 424 658
2 4 62 327
5 7 448 929
8 2 404 774
2 6 483 586
7 8 622 677
5 9 34 774
1 1 429 611
1 10 650 894
1 7 581 584
5 6 948 986
1 8 666 825
3 3 346 386
8 4 479 689
2 5 410 803
3 5 12 910
3 3 435 506
4 7 434 688
3 5 905 973
4 7 586 739
8 6 156 382
5 3 416 617
8 10 459 882
7 6 250 541
4 7 673 848
9 7 276 952
3 4 347 982
6 8 378 485
10 1 256 303
6 1 206 634
8 8 393 742
6 2 490 617
1 4 567 612
6 3 79 628
8 3 387 667
1 2 358 420
1 6 431 924
10 7 47 507
10 1 391 870
10 8 595 855
6 8 279 789
10 1 729 773
4 10 641 670
5 9 15 912
1 1 432 470
9 7 288 810
6 9 3 793
1 9 626 790
3 7 640 884
1 1 362 612
2 7 111 427
5 10 164 184
3 8 323 805
1 9 123 684
9 10 243 300
8 7 234 558
7 3 32 804
1 1 333 639
10 1 260 405
9 7 8 258
1 8 480 968
7 10 724 782
3 9 82 939
9 3 449 864
4 9 140 870
5 3 203 555
10 1 54 980
2 6 544 921
3 5 56 871
9 10 610 823
8 10 242 460
9 1 15 651
7 1 578 893
10 10 95 991
1 9 67 875
4 7 136 169
8 6 51 835
9 10 93 223
7 4 151 554
8 1 618 875
6 4 196 703
4 6 289 368
5 10 195 978
9 6 454 715
2 7 7 588
8 2 262 806
5 6 332 843
2 1 468 915
1 9 616 773
1 8 188 407
2 6 337 357
10 5 429 430
4 7 478 729
5 5 623 699
4 10 134 307
10 10 283 832
1 10 323 900
1 3 117 155
1 5 650 777
1 10 651 779
4 8 267 399
8 7 899 993
8 6 302 711
10 4 735 753
2 5 150 785
10 1 45 438
7 5 545 698
4 7 105 481
10 2 153 947
5 2 462 853
1 8 149 439
1 2 14 400
1 2 602 877
5 2 300 902
10 4 68 130
6 7 302 752
1 9 376 908
10 4 634 677
9 2 65 589
3 2 510 783
6 7 54 239
5 8 29 634
10 4 867 968
7 8 408 730
7 10 488 764
7 9 687 865
5 5 505 538
6 1 161 851
3 5 291 407
8 3 427 852
5 8 248 636
7 4 122 351
2 5 163 824
9 6 329 636
4 10 237 606
7 9 733 912
7 7 69 736
4 4 716 937
3 8 161 629
7 5 234 869
9 7 56 832
9 1 293 299
4 5 216 877
10 10 715 963
2 5 386 990
10 5 327 778
9 1 583 606
3 9 710 785
3 5 135 709
1 3 375 656
7 5 50 504
3 2 305 783
2 8 134 524
6 10 381 755
6 4 116 545
10 8 665 935
5 7 15 680
1 8 584 876
2 10 459 711
5 7 419 848
8 10 95 219
10 10 615 894
8 7 107 174
8 8 243 846
7 1 181 284
5 7 450 698
3 6 353 949
1 4 519 880
6 1 135 595
5 7 922 941
9 10 174 826
7 2 438 613
7 7 82 816
4 4 467 480
10 5 291 809
1 5 217 331
10 3 429 579
10 7 925 937
3 1 368 961
10 2 199 559
1 5 936 986
5 7 641 852
6 1 377 684
5 7 444 749
3 5 740 929
4 10 18 30
3 10 228 897
7 1 290 984
7 10 525 660
4 4 518 792
1 9 27 213
9 6 357 787
1 1 821 900
10 7 185 808
6 8 221 280
1 7 209 334
10 1 52 233
9 8 445 493
2 3 837 970
1 9 142 641
9 8 453 903
7 10 390 520
6 1 499 787
6 1 324 369
4 10 49 729
2 3 384 955
7 10 244 477
4 2 760 760
1 8 173 545
10 5 128 376
1 9 816 916
4 3 123 753
1 8 402 995
4 6 435 759
2 1 364 921
5 2 814 899
7 6 794 876
6 9 680 983
5 1 335 468
6 2 673 987
3 1 641 726
9 2 384 445
8 4 528 836
2 5 410 961
8 4 526 735
10 8 326 901
3 7 473 717
6 6 100 464
5 3 612 716
5 7 542 824
3 3 62 408
3 10 579 715
6 10 425 603
4 10 859 897
5 5 302 926
2 10 486 575
1 10 707 933
9 5 133 670
9 10 79 756
8 7 112 281
1 1 296 857
2 9 1 528
5 3 41 236
1 6 219 357
7 2 551 599
10 10 491 673
9 3 101 775
4 9 433 637
6 6 109 200
4 5 740 967
10 8 526 585
5 9 482 536
4 9 136 453
8 8 312 507
1 5 282 676
6 8 981 998
4 7 443 677
5 5 24 451
7 2 239 454
2 9 295 655
9 2 37 900
7 4 115 580
7 7 185 755
6 9 108 317
5 5 57 105
9 8 67 364
8 9 465 774
1 10 167 484
8 5 166 966
8 1 464 903
2 9 412 449
10 3 489 872
7 6 544 651
10 8 21 643
5 4 773 838
4 4 360 529
7 1 138 156
9 5 388 745
6 10 371 805
6 1 193 408
10 2 83 384
1 8 198 247
2 5 494 668
10 1 165 683
9 9 176 319
4 1 197 810
10 4 377 757
6 8 63 171
8 5 290 352
7 4 71 161
5 10 435 760
5 8 743 920
6 5 38 489
7 9 293 361
4 7 563 764
9 4 201 475
2 9 120 518
4 2 624 807
10 9 363 837
1 4 347 380
8 1 2 364
1 7 331 896
4 5 265 874
10 2 411 580
3 8 258 465
6 10 205 271
3 6 101 515
9 1 59 486
5 4 379 865
5 1 29 870
5 4 573 797
5 4 41 458
9 2 107 915
10 8 486 656
8 2 35 567
3 10 704 707
4 9 833 904
10 9 399 722
5 5 365 639
2 10 350 514
10 5 405 835
10 6 172 592
9 2 379 660
2 7 90 412
4 10 257 723
9 10 204 304
3 6 592 920
8 4 118 958
6 9 56 745
4 10 441 582
2 6 12 443
4 10 59 726
9 4 231 527
1 6 87 628
7 2 120 200
3 8 149 630
8 7 3 149
6 3 289 638
2 7 621 781
3 1 748 826
1 5 437 906
7 6 175 480
3 8 870 933
1 10 314 712
7 9 759 864
5 1 498 562
4 1 7 305
2 2 119 853
6 5 529 894
2 3 147 350
2 6 333 651
3 6 137 761
1 3 12 249
8 2 112 453
6 2 248 625
5 3 325 406
5 2 1 405
5 3 7 512
2 4 146 766
5 4 71 820
6 1 208 625
1 4 604 864
4 10 377 579
4 7 140 949
3 10 471 949
2 2 254 773
9 2 508 543
8 6 90 362
2 5 262 567
2 9 18 262
5 3 725 893
6 6 299 407
4 1 218 791
3 2 326 412
8 10 24 329
2 5 235 748
10 3 634 981
9 7 101 131
5 1 500 672
3 7 362 665
6 1 529 676
1 9 642 685
5 9 583 603
5 1 666 937
3 5 468 884
1 6 89 348
2 1 259 317
1 7 237 840
9 7 426 797
2 2 375 577
2 2 329 540
6 2 59 556
6 2 235 613
7 9 292 972
5 1 665 847
3 2 330 574
10 7 20 212
6 6 436 755
8 3 356 856
7 10 359 685
6 2 99 531
5 4 27 307
2 2 207 706
7 4 660 848
7 8 397 723
2 5 425 682
5 3 595 611
