1109279
501563
749244
647642
1655821
936088
603280
3063384
927545
841880
519482
900610
817135
1355545
2065063
536873
280528
2022477
1333488
1050376
1382409
2813349
1683788
637957
1808750
3589068
485532
3908699
1126073
1580573
2302559
879260
1714458
1002936
131457
2225088
1174233
415310
332921
1427762
1004699
1667274
259914
744901
2636077
1031592
1128304
241948
810227
423600
285603
752409
527357
2693083
304608
47308
2482360
955290
248396
809493
1159780
1067380
-1
-1
687860
383830
1640329
2589709
1738655
616260
1071807
1503284
3174352
182375
210617
1048853
2601459
513840
1738995
1158666
2661994
1027129
1184185
259185
3088140
616018
106206
490641
1769543
2187396
1156148
1306444
2341161
3141571
1591105
2991390
1011348
548905
2437173
1163449
136405
3338138
1118709
3585796
1599669
1623590
1299052
2464181
445165
937562
1283062
1147708
1549690
538272
1840083
647043
238928
1427694
2348087
777388
431211
1180338
1575675
1855568
1929473
2398873
1617193
2779430
2230881
1312815
653200
1947423
237847
1601126
121980
791159
1014921
142277
146680
1943076
1566897
2360456
3047390
2223187
1256043
1146858
1570037
9185
2903639
3339957
914495
1847708
1007931
1328611
522669
1699051
2130689
130687
1276738
1379441
363324
1671051
1521926
481033
1733389
274343
1751224
332661
935771
1485953
1044563
2505848
548360
444455
1035845
1998669
745470
2221464
836162
2491524
2066601
2572117
2688936
491291
2525489
501250
2180428
-1
741515
2255380
238844
2847631
2421120
2320463
1224916
295409
1386465
841139
1323487
1593191
1619634
810648
1962715
2474216
1063737
1047602
550345
766231
2401163
697271
1320718
1564556
-1
1465421
1906543
469624
814968
1450955
2003218
1729266
2499193
2460227
1371716
1597019
876355
987699
730737
2518437
530479
2799316
2116047
1494309
1732904
568196
566974
3139465
1105673
1400208
676018
3598540
2073966
3092344
808098
1984908
2314580
193033
641606
1549064
614519
49907
1983209
1134824
1560869
2918666
2382476
2905478
210934
559398
1579562
1427290
703355
1980779
961304
2445149
-1
3386285
273941
864830
2580854
1578375
477010
1370376
584303
682749
2076481
1803894
1132779
530668
2218328
2645796
1594197
2123102
2010604
1643015
383903
3340429
344752
1016539
1012123
885760
1512842
3097246
1066489
744102
1603844
2614070
786405
945131
2747369
803697
101793
2761850
678556
-1
942040
234831
1308989
484400
743231
1040198
1849045
1329511
1126887
1294041
1881831
674179
1367678
933356
652509
1015219
811764
2020268
108794
83052
464017
647970
1839616
120898
1295649
782032
1049898
2567982
3368562
310624
209821
815783
3136848
2548968
537918
2805260
3002891
843231
2356302
1285829
817010
210972
168979
840434
2651963
2044114
1515998
606053
418796
97109
3523318
2162950
1541664
268038
2199047
1307999
1113742
593978
378724
1924236
2575254
2375569
595308
2062461
810516
1263131
722563
545289
1527028
1387778
878108
2449860
211594
2810467
1134846
1306097
3158101
615687
319009
2516481
74062
1163523
2388443
693534
1152113
559041
2860701
2245763
211813
2100226
832270
223792
-1
2938779
735206
3096868
998696
697782
758011
1307900
2205149
85398
69061
375353
796954
388491
1780840
2091407
-1
-1
183923
1497130
1071077
3552202
1115075
368640
301181
2707729
3666765
1584289
368181
1746892
1300668
421201
3878530
664116
3296308
-1
581385
2551649
618779
2353862
373855
821580
887920
729671
846932
1118385
860949
618227
3421126
370322
394678
522456
1135399
973879
2568091
803421
1402215
674366
2416903
304904
2631201
919769
897076
2930801
1187802
1787198
2802663
-1
765783
321450
3367879
1441825
995201
1672448
598175
1604193
848119
1629849
3368699
2065332
1599635
1180891
1542964
1384690
52065
1245318
520784
2033779
1130669
1823671
2657013
2040939
89685
2013806
388961
437022
2428903
2064377
-1
1537195
-1
2416069
156755
1670916
1373839
2433648
1572166
2941885
1691446
1725317
1037646
535639
2900213
3509146
2883711
701932
1471058
1202334
269230
2095724
270910
699242
1498219
206764
2293398
1205087
613593
1846238
713899
615297
1463189
679726
751598
1039953
2247428
534042
301969
685277
156402
881827
2598680
2061768
-1
1626888
2519843
1885477
2228680
522172
2019008
2550894
2265525
571424
1042965
3314543
284275
3087579
1671156
2753687
1088964
920442
858344
847252
548131
878416
1002483
972224
204479
3178573
1864593
66673
1348078
664742
2640071
805276
1844049
1247181
1807520
1777989
2543053
573539
1748020
1267629
1384355
811015
1792347
-1
568903
239451
2034250
2143220
461583
154105
2161283
890181
1780493
2804960
1363430
2162194
2330619
512022
841603
1272956
2511707
2718069
1332256
-1
441545
1926342
2444720
1689854
490487
699572
2324444
2066296
1977766
76224
2772680
1361526
266545
587555
1311162
417631
601381
331182
1943445
1558614
3206566
1700315
1699108
1120430
962893
498852
940729
-1
2167939
-1
1915480
2715442
633270
2286299
192938
3598893
96664
680824
195166
1279638
1330360
1427528
2042394
109276
2133706
304528
2732507
1100472
3569545
855982
1388857
1245772
391422
1641470
188170
381710
409206
2520804
543627
973708
188628
1179370
1232084
2839904
3554559
754011
1411947
844907
666817
1303397
625692
68291
973016
207166
1041045
914174
2027043
438316
167068
1202506
828998
2639198
1439439
506144
594115
496803
141864
137642
183516
876937
-1
220785
1618828
723992
2690472
517619
2179939
2049801
3172747
580129
1424595
1200802
511218
-1
3566559
1106975
1340299
3176701
1220612
1483222
1742829
284717
2116871
664176
2246731
2174077
1131661
2719094
1178483
1064811
340890
474578
642370
371568
878189
245343
323636
918163
1693926
1283783
2055518
817633
354692
2706846
3609695
207950
1037865
436785
1973800
537185
1903065
2048199
503639
349323
985421
2136022
698910
389802
1271123
909632
15507
80517
169338
801929
1445705
1887161
2179512
948802
509003
179627
486774
1048761
147379
908157
1119346
155505
112092
1385904
1602816
2298444
799518
144096
2000830
3439336
524716
407513
527512
2096260
893549
3046586
1739383
2622458
1191329
931694
1259921
1913764
137771
3483058
1464327
2144533
662946
1153790
1692741
180789
833855
1130155
1997589
519428
970320
1014341
1375285
325846
589111
2471799
3061529
1883409
2142249
2810234
446244
887121
1595212
566056
2805645
872435
1619902
248300
376504
2798563
3009423
139876
1616160
1852036
1987979
3157870
-1
1325271
1751626
1342275
421411
2696025
2568213
2210095
1130382
1727832
281837
736641
2770367
1255840
3259843
1964996
461417
1389274
3153380
2194599
1462876
2297200
1671150
-1
1678517
1096238
2952956
920145
2445535
2025404
236793
90826
240079
376717
357497
2092367
1712016
720341
2064496
895282
2449806
2035244
3687120
1792233
1829499
631156
2187726
1045718
497709
1213751
2426188
2689699
1854689
150551
938779
2226041
187951
2438625
3018639
807643
438572
1792254
1259861
822056
268095
312208
2083682
611992
1105559
1792328
1899001
1972687
499337
2741560
121842
712202
28774
162667
1380185
2799947
2699091
862169
780281
1357330
474184
707208
203426
1417816
1935215
654555
322697
666181
2434641
1597675
2920081
997929
440774
506965
1620922
2462279
3458783
2486929
2283127
1455309
2263880
931095
352568
2400146
758081
152203
3564769
2782827
844119
1729110
1433573
1978984
2496171
1541940
36257
3660726
2136451
-1
1029785
591039
380524
586578
954832
521437
1537359
2511320
2567005
2422036
466878
366616
3284053
2260185
1275563
1937334
1644070
461799
1884530
48774
945878
1863781
309779
294463
319183
911599
2573493
2029194
1766326
114846
437012
1527180
639434
194232
519583
731574
2352176
648943
1929945
2492158
330015
419268
1194058
2609369
183472
-1
1153566
1829571
2343852
3016868
2481918
2587449
