10 1000 1000
8 6 915 670
7 4 5572 7861
10 9 8097 4640
4 9 3052 8495
1 8 9169 2853
10 9 8087 363
9 9 5054 334
10 4 8589 7025
9 8 7646 318
3 8 5437 995
5 6 2905 1508
8 10 586 7217
3 6 5049 9232
8 6 4807 1891
9 6 6782 478
9 7 8461 6909
7 1 1678 2599
5 3 4668 3048
2 9 892 1007
8 6 9335 1942
1 6 9913 537
10 10 6974 5362
3 1 1758 5164
3 2 5106 4722
7 3 9158 5430
2 9 392 7492
5 7 3169 2948
1 8 1866 6607
7 5 3556 491
1 9 8027 7184
6 8 3892 6387
5 5 4849 9243
6 7 766 1098
7 10 3420 3668
3 6 914 7041
4 9 9967 3127
2 9 8611 6122
7 4 1679 691
9 1 7161 2219
1 6 7700 1707
9 10 5553 8613
5 8 9309 6143
4 5 3670 2483
10 9 1870 9295
1 9 2242 5007
7 9 2566 3385
5 3 8374 1277
10 8 118 281
10 8 5395 1351
2 5 7300 878
1 2 8279 4547
6 4 3322 2590
3 5 1041 8034
4 1 7303 5220
3 4 2705 1018
4 3 8840 1765
2 9 2239 7710
7 4 5852 6296
10 3 2712 1815
5 6 8223 5720
9 1 7843 3868
9 8 6187 318
6 8 2630 8387
6 5 3224 944
5 3 6395 4924
4 2 8165 2216
6 9 2246 6183
10 7 2452 7256
10 2 2134 20
1 6 4264 9730
9 10 1751 1932
9 7 142 1240
6 7 5474 2480
2 10 2832 3681
8 6 7751 88
2 9 1106 997
1 6 711 4545
8 2 265 1428
6 8 974 749
4 2 8445 1295
9 2 8216 4236
3 10 1487 7132
9 8 5697 3753
3 10 1260 4902
10 8 3198 510
9 6 7664 5852
8 8 1273 4480
10 6 5138 1151
7 7 7898 6299
6 4 3917 5939
2 8 9857 6239
4 2 8147 1095
4 8 4820 2594
10 1 8092 2069
4 7 279 6074
1 3 1971 543
5 9 1689 852
8 9 1888 399
5 2 2363 7152
10 1 4504 6923
1 10 6397 6018
4 1 7924 1605
9 4 4630 1796
10 4 2676 3371
7 1 1298 3391
5 3 6386 3269
5 6 951 6645
2 9 9526 8365
10 5 8817 1017
3 10 5515 5682
8 5 2092 8453
5 9 6376 5990
2 6 4031 9957
4 4 4842 8704
7 1 655 8183
7 3 8851 1095
9 7 5803 6673
6 1 140 4152
10 8 6031 634
7 10 7995 6155
10 7 2788 7134
1 5 3904 549
8 8 4873 5774
1 6 7338 6010
10 10 3909 5372
4 10 5823 2093
4 2 4346 7300
8 5 5084 1315
2 1 3307 349
9 10 2202 2347
10 1 4305 9504
9 10 1821 7109
3 5 816 7286
4 1 7503 5980
8 7 6068 6895
5 9 5472 8612
8 6 6919 7283
2 2 9285 6272
1 8 3544 7238
5 3 60 6381
9 8 5980 3129
7 7 7631 4745
1 9 294 6707
9 5 7905 9349
5 6 9497 4451
1 1 9445 2486
9 1 8957 2919
2 8 4556 9976
8 3 2746 5223
7 5 2343 4250
5 2 1719 4567
8 5 343 1759
8 2 801 1683
1 7 3426 2550
6 2 8036 8270
4 7 7025 8211
10 3 1766 8140
1 10 4227 1756
8 9 5104 1618
7 3 8262 3771
4 6 666 6591
7 9 8425 2189
5 4 8343 8324
10 2 104 1091
3 6 6521 2528
4 8 7849 4216
7 6 3575 9550
2 5 9757 237
8 10 8990 93
4 1 6377 2349
6 8 3037 6953
3 5 3942 8321
2 3 1620 2346
9 5 4226 1041
1 9 324 596
2 10 5965 7413
6 7 4032 6423
6 2 7379 2611
6 2 8109 284
2 7 2370 3762
5 4 3448 2098
1 7 3589 275
2 2 1377 5834
7 8 8945 4007
9 1 1358 3121
4 4 1799 7779
3 2 2382 519
4 3 5672 8210
6 1 2280 9601
1 2 5386 7954
8 3 8357 1351
2 1 7204 1189
9 5 7660 8278
5 1 8165 6820
3 5 4751 5932
9 5 6110 9383
1 3 2928 3213
2 8 8280 3210
2 7 2953 9318
8 4 6761 3233
5 3 6931 525
10 2 9743 99
5 5 5232 2581
4 9 2397 4697
9 6 4099 4608
1 9 4616 5936
8 9 7985 2444
8 2 1787 5165
5 9 8764 4575
9 1 6255 5971
2 8 1149 2600
2 5 5228 8496
8 4 1800 6004
9 3 1489 1888
5 6 8043 9521
1 5 3967 643
10 6 8348 5681
4 2 3870 8658
8 3 8187 371
2 2 8979 9284
5 6 9343 8458
6 2 6911 4813
8 10 1610 1584
9 1 5905 8551
3 2 940 6880
9 7 740 368
5 1 6566 7416
2 9 8 2495
2 9 6696 2514
7 10 6405 9855
4 3 4474 4047
5 3 2182 3639
8 9 4632 48
2 9 4230 1947
10 3 403 4739
2 6 1127 6023
8 1 8366 5854
9 9 6414 3557
6 4 783 7335
3 7 6600 5882
6 2 3111 7611
10 3 5390 3932
9 7 1116 2185
10 3 4357 1923
4 2 1691 5642
9 7 5361 3216
7 1 1988 5182
4 7 9405 4946
9 9 8426 2534
9 3 4485 9316
5 5 5720 148
6 10 938 9180
3 6 5139 649
2 1 8120 1994
10 6 5139 4638
10 1 62 9134
4 6 4400 8334
10 1 3763 9730
7 7 1297 2330
5 10 5795 939
6 5 1713 4664
9 2 1543 5516
7 2 8413 3296
10 10 7252 9203
3 6 5986 4600
9 6 4684 9258
4 5 6059 215
3 3 1359 2808
4 4 2781 7550
7 2 8936 3566
7 1 8994 4823
1 5 6101 75
9 8 3729 1468
8 10 9630 8917
1 3 5518 4126
7 7 8224 7321
8 8 2542 9715
4 9 50 8390
10 2 722 670
5 10 956 1898
5 8 5483 2385
8 9 5726 3884
7 1 5256 2170
7 9 4486 8410
8 1 793 4879
3 2 6622 862
5 5 4746 2834
5 5 8142 684
2 6 4695 8580
10 8 9316 9033
7 7 4746 2996
1 8 9167 2463
9 9 4635 71
2 7 4069 9853
2 8 2276 2148
7 4 7667 435
7 6 411 118
4 5 423 8925
7 1 8001 4097
1 6 6030 5567
8 5 9530 2870
3 10 9792 91
3 6 8417 9997
10 6 8757 1022
4 6 4510 4851
4 4 3822 9526
8 2 4627 744
3 7 5291 2437
2 5 1008 4162
1 5 403 1538
6 3 47 2776
4 7 9852 7540
4 6 8940 1172
5 4 2439 6492
7 5 2597 5992
10 5 850 250
10 5 2962 2614
7 1 1735 1077
8 4 5173 1256
4 7 8607 9244
1 4 1243 9084
7 8 2242 5171
1 1 4422 7264
5 10 1353 3108
7 2 2118 2970
5 5 535 6993
1 1 4631 2926
3 3 1892 7850
9 8 4563 5306
3 9 1822 5078
5 6 3736 1469
1 8 1895 2044
6 2 9739 6049
9 5 1065 7263
8 2 6563 5175
10 6 3030 940
3 8 2108 3697
10 10 48 5419
6 1 4246 1594
8 1 1258 7784
3 1 980 7687
4 5 1268 2321
2 10 236 2114
8 2 1789 6855
6 2 2687 3129
7 10 9472 6797
7 6 2488 2230
5 5 8496 2449
3 8 1066 7028
6 9 8307 4002
1 1 2224 9462
5 3 2686 2560
3 3 7938 3021
3 8 1861 5041
2 1 3361 1924
3 6 8056 7858
2 6 8052 9297
4 10 8555 1068
9 1 222 713
10 4 1158 1957
5 4 2333 1632
7 3 5435 7378
10 4 6305 1888
9 4 9128 5519
6 10 2827 257
2 1 7602 1974
3 8 6469 2679
1 3 7385 8637
8 5 3179 2239
2 10 3154 724
7 6 1883 7292
10 8 119 3872
6 9 9114 6226
10 7 4726 2103
4 3 1563 5476
3 4 7999 5883
4 8 3379 1427
4 3 6140 6166
8 10 729 4910
4 1 5886 5518
7 10 8995 9590
7 1 1182 6532
6 9 6171 2535
4 1 6080 8381
2 8 1431 4623
8 10 5784 6
9 5 1838 7592
2 3 500 9987
1 4 1857 7755
4 8 206 8972
7 8 2087 2303
7 9 3927 3269
6 7 376 2270
7 9 1635 4422
3 10 5979 7675
2 4 1719 6501
4 6 2686 6966
5 3 8720 8355
2 10 5643 4829
5 7 3051 1856
3 5 4378 886
4 9 5223 9574
1 2 576 1864
5 5 7573 3978
1 9 2063 1249
10 1 2858 543
9 3 1534 7947
4 1 4179 2372
2 4 436 4771
8 5 55 4257
7 9 7595 4648
5 10 1485 9969
10 1 638 3472
4 7 5209 2797
5 4 7287 34
5 7 7253 2745
8 7 5617 7065
2 5 6092 6962
8 7 124 1059
5 7 4388 7
8 4 7424 1518
3 9 338 4834
9 8 3262 5544
6 3 5900 2299
4 5 2582 8688
5 9 6978 8636
8 4 3031 6679
2 6 8134 5504
9 2 8736 9346
8 1 2029 3300
8 1 9888 9477
10 6 5728 8348
10 2 9596 1106
4 1 1100 8859
2 5 598 5925
7 10 2084 5851
7 4 6485 1458
4 10 511 9007
7 7 8718 4612
5 4 1559 6836
3 2 2220 1863
8 8 3300 2434
2 4 3357 998
9 8 3758 9078
8 3 8183 2908
4 4 2468 2455
4 4 8611 2572
2 3 7432 638
8 7 7148 1812
5 8 4868 2801
1 3 8495 4647
6 2 947 5668
2 5 1408 4820
1 9 3798 8313
8 3 1257 2758
4 6 8304 2323
4 10 8373 6823
8 9 9072 1383
8 7 498 8457
5 6 6837 273
10 10 2101 1630
1 2 2376 939
3 8 9476 3412
8 6 6643 1387
3 6 5487 1602
4 6 5633 5476
5 1 2222 9031
1 2 2117 1
5 2 6269 28
5 1 2532 4387
5 1 7857 5028
3 7 8604 9784
5 1 3680 1408
4 8 720 7594
8 7 8291 6284
9 7 3933 592
8 6 9990 1071
1 4 2277 4107
1 1 7649 6941
1 7 2317 2570
8 7 5446 2041
5 3 9722 4419
10 1 2749 6205
3 2 5879 245
3 4 465 3598
8 10 9901 8010
4 3 1873 9030
5 3 9604 8324
8 2 4402 5378
6 1 2765 9560
5 8 1420 5329
7 5 3526 6853
3 10 2202 4230
2 6 9080 8167
1 9 1915 1720
7 9 1497 1487
2 10 1472 1077
10 8 8137 3553
10 4 5721 738
3 8 6136 6942
1 3 8071 8427
8 4 8238 3579
1 1 4754 1515
2 1 3776 1728
7 4 3178 9343
7 8 1633 6629
8 3 5431 5589
9 1 4945 5024
2 10 8242 9430
1 10 5012 177
4 5 7441 5461
8 5 373 4584
7 3 4400 1982
6 3 2735 3180
8 5 398 8054
10 5 409 4250
5 5 1249 3791
5 4 3493 6347
10 1 9856 1150
4 6 5500 6342
5 1 1795 3058
4 9 7374 7295
1 1 539 2381
2 2 9433 222
6 10 5696 1375
3 9 6984 9112
2 5 244 9489
1 9 1519 9160
3 10 8678 2705
8 2 6225 7221
10 2 4132 1661
6 10 2604 9948
8 10 8546 5355
7 3 8003 712
10 3 6918 1924
7 6 2775 418
5 9 2897 4370
7 8 3650 903
4 2 5052 8469
6 2 787 2886
3 9 6831 3921
6 4 2755 2029
9 7 8258 5983
6 5 5594 1661
3 2 7902 4811
6 1 5991 5979
8 1 1713 9750
2 2 3004 8195
10 3 7653 6868
4 7 2188 1926
2 5 1005 6972
7 2 7220 1360
1 1 2739 5801
6 6 510 1481
8 3 3658 1934
8 1 253 896
5 6 9237 1771
4 2 937 667
10 7 7501 6272
6 8 2407 4916
6 9 6523 718
5 10 1978 3374
7 9 493 8592
6 2 2750 6768
3 3 4349 3989
1 10 8382 9917
4 4 4621 5811
2 7 6832 1893
10 10 6729 5195
4 3 1617 2843
7 7 7427 2775
5 8 7160 7455
3 1 9649 3249
6 3 4822 9323
6 7 3138 8064
4 9 913 9843
4 3 5372 9229
5 9 1571 9710
2 5 9734 3612
4 1 2128 9827
2 6 6329 8765
10 1 5301 7170
9 8 8360 8813
1 1 3229 9421
9 10 1123 2309
7 3 4255 6250
1 10 1048 9074
4 3 9985 2149
1 6 3950 5825
6 9 5786 4201
9 7 1191 9921
4 2 5392 6504
7 7 1663 8291
2 7 243 8906
5 3 2313 6616
1 4 2275 7914
8 3 2136 8561
9 1 9750 8086
5 7 3667 5496
6 2 4409 3901
6 3 8564 518
7 7 4852 1047
4 4 2829 8063
10 3 5291 6477
4 8 6113 3352
3 4 1589 657
1 10 2356 4022
4 3 4797 1347
6 2 3464 3940
3 10 9851 8502
2 1 4730 7494
10 7 3479 2422
2 9 6700 5421
7 8 7679 3444
6 6 6664 8996
8 6 1990 5504
3 10 838 4050
4 8 691 8495
2 5 220 590
2 9 1558 4495
9 10 2021 534
8 5 845 2135
9 2 7121 7225
3 1 8937 7200
2 6 7990 4125
7 5 3101 5182
6 8 2629 8053
3 5 2407 3896
6 2 5798 2242
3 6 8659 2114
8 8 1562 6065
9 2 3971 6955
5 5 7822 6280
8 4 965 5175
3 8 4295 6654
7 10 880 464
8 10 2880 5697
3 7 9610 8459
2 10 3418 1709
2 5 8472 4980
7 6 3306 7647
10 1 7382 9250
4 9 9743 949
9 10 1051 3730
4 8 9890 8305
5 4 1404 4878
5 9 1719 2604
3 1 1969 2889
10 9 8539 4199
9 9 7429 2345
4 8 9741 4336
5 1 6206 8444
9 10 4575 6310
10 10 3729 3070
4 9 2796 6037
9 3 8740 7517
2 8 2157 9690
4 6 5400 1860
4 10 8950 7989
8 2 6081 5229
6 8 4755 6504
2 1 5485 6132
5 5 1345 9839
2 3 3982 1564
8 3 8395 1182
6 4 9275 9355
9 7 4863 3632
10 5 2393 9930
3 9 1077 3459
10 3 6494 1324
7 5 4892 7917
2 1 402 5725
7 6 7081 6289
8 2 9012 3318
6 1 2277 9065
2 10 7780 9790
7 6 5320 3354
5 1 4087 1129
9 7 1033 6432
4 3 1628 4852
9 2 881 1458
1 2 3785 4696
9 2 4352 2629
7 5 2389 1744
7 8 1033 4617
4 10 6517 9430
6 2 8491 5912
4 4 6032 5200
4 1 8057 8158
9 5 9221 306
1 7 7077 5981
10 3 53 2423
8 2 131 4518
7 8 9546 4268
5 4 524 9138
5 6 2906 8244
9 7 6936 1165
3 3 7391 7718
5 5 2042 1320
4 7 1056 5384
3 6 2887 870
2 3 4324 1679
1 9 1522 7730
2 5 9054 6858
10 6 5916 1332
7 8 2352 3131
4 3 5374 4160
7 3 7659 2819
9 4 6881 9273
5 1 5045 6330
10 10 410 1091
4 8 2197 6375
8 7 7286 7296
1 1 4608 9678
9 2 7093 556
2 1 8575 7672
9 10 5286 4161
6 8 4057 9813
9 8 6 1934
6 6 9277 3527
2 8 7873 997
4 6 6644 180
9 1 7284 9878
7 9 4497 8756
7 8 1348 516
8 2 2922 6182
6 8 4902 9048
5 7 1972 7503
3 1 101 7695
7 5 4631 9923
1 9 6104 2038
8 6 2570 7340
8 9 2201 1104
9 3 711 889
9 7 6345 6235
4 1 124 8890
8 3 9230 5953
5 2 6719 7288
1 3 2069 5792
6 9 3621 1625
10 2 1226 4763
4 7 1890 1842
9 2 7358 3376
8 5 6612 734
2 5 8877 4884
7 8 4742 4182
6 8 999 4909
8 4 3225 3975
6 4 3988 3643
2 6 5666 3880
7 2 2087 6427
9 3 6937 3010
8 9 2731 4147
1 10 5283 5610
10 10 9844 6471
4 5 6169 1972
10 3 5061 7675
6 4 5990 473
6 4 4751 9125
8 5 4115 7090
6 3 1782 9475
7 2 1371 4568
4 3 86 870
2 6 8164 6309
6 9 146 2864
3 4 2208 5847
1 7 2399 2986
6 9 7609 9570
5 8 914 1617
5 6 6959 5449
6 4 9871 1809
9 6 9662 1191
2 1 7779 5765
4 5 3938 92
2 9 4912 1134
2 6 6099 8443
3 10 5076 5693
2 7 9036 2340
6 1 3582 3537
9 9 7569 3929
5 4 3795 6238
6 7 1718 5761
8 10 535 4474
7 7 4714 1396
8 3 9288 6310
6 3 7219 726
8 8 2264 3612
3 1 8004 9823
7 1 7925 4695
9 8 5303 9567
2 8 7580 1689
8 6 563 3047
9 5 1398 9679
5 6 4164 4080
3 4 7028 139
5 9 3536 5568
4 10 1670 4853
2 1 9191 682
9 4 7192 3070
10 5 4442 2172
9 5 388 7028
5 3 7919 1743
5 5 1817 1770
7 3 8716 2027
10 1 7662 3744
7 6 6037 2443
10 7 3348 3924
3 4 1889 11
6 8 9774 5660
7 2 6804 1046
8 9 7878 8762
8 4 4542 8048
2 4 1362 6179
3 5 8769 9585
8 9 5624 5631
8 4 6601 1962
10 4 4197 6189
5 5 7298 2422
5 5 3113 855
9 5 8466 8347
7 1 1065 3044
8 8 8472 4826
2 6 6426 4592
2 3 2546 355
8 7 2840 9776
4 3 620 9823
2 8 7202 9400
2 3 9917 99
10 10 5135 5774
8 8 975 2290
5 4 3761 1572
6 1 4616 7212
10 3 8779 8125
4 9 1680 3065
8 10 8181 759
5 6 4775 175
4 5 297 1875
1 6 5796 3026
4 3 2937 6829
3 9 6916 5953
7 3 2388 6253
8 4 2895 1665
6 7 6924 2903
5 8 8137 4076
5 7 3344 6638
2 4 4426 5010
9 2 7625 2220
6 4 8296 5220
2 10 4115 2487
3 2 4836 7594
4 1 7134 3287
2 7 1547 5292
3 5 6668 5898
3 8 7578 3146
3 4 4328 153
2 10 5763 2292
10 2 5529 5702
10 3 57 8689
4 10 8115 3738
3 4 5769 5945
1 3 2726 4330
10 6 2410 4801
7 3 2381 8049
4 1 1066 2434
4 1 5506 844
6 5 3091 3544
1 5 9236 1097
1 2 3540 7854
7 3 2339 1626
7 5 2533 8734
10 9 3954 2170
7 10 5173 6778
7 3 4048 644
6 6 2154 6621
3 3 8228 8283
1 10 1289 5293
2 8 3633 6320
1 9 774 3401
3 7 6813 2091
3 5 5500 8917
8 3 2931 1143
1 5 7447 7604
9 6 7364 5994
2 2 185 1169
5 2 5858 4722
5 8 7468 1422
5 9 1557 5165
5 8 8678 2135
5 9 588 8927
3 2 2851 7575
10 6 2805 8240
10 1 9558 8087
5 5 5568 3695
10 10 5575 5107
1 7 6088 4821
2 7 7787 1115
7 1 7224 6657
7 5 6996 7310
5 4 782 7870
10 5 3475 1104
3 4 4915 1700
3 9 8332 6462
9 6 2200 2270
5 7 5126 235
3 2 4172 304
5 6 9430 7279
3 10 2064 9986
4 8 756 9444
2 3 8884 3926
2 8 5424 1654
4 10 6225 4800
9 3 2206 6329
2 4 67 8096
1 10 7211 9348
9 6 6841 5765
9 9 2843 3728
1 4 8056 5457
3 4 223 1017
3 2 5623 241
7 3 2518 2100
9 6 7440 2624
6 2 8319 7845
6 3 4311 5224
5 4 6982 2566
8 10 3081 8102
5 2 8082 103
3 10 5156 6973
2 5 7712 1004
1 6 7825 4263
9 2 2712 1256
1 5 7567 7868
3 7 5810 437
4 3 208 5271
2 8 800 338
4 4 2418 2212
6 5 2472 2366
1 10 6651 1170
2 10 6801 7767
6 3 4235 7568
6 10 6710 9807
2 8 5751 925
5 10 4926 3898
4 5 6134 2666
6 8 4113 5205
6 3 2178 7577
1 8 8975 9721
10 3 3073 451
3 8 3514 9009
9 1 7152 6805
9 9 7927 1591
5 3 2327 2173
3 6 221 994
7 1 9974 1025
7 7 1306 9157
2 5 2906 4249
1 8 9271 4366
2 10 9158 722
7 7 9248 1156
5 7 9857 9591
4 5 4835 5377
10 3 3962 6839
4 1 5087 2278
3 4 5389 1705
10 2 6242 3601
4 4 9345 3806
2 10 4787 7260
7 3 412 1554
8 4 5678 8153
10 5 903 1945
7 8 6352 4980
8 2 5013 6115
5 4 3141 4127
8 9 890 7728
10 3 9659 9792
5 9 9578 777
10 10 9687 8820
2 3 389 2760
5 5 2054 2850
4 7 1863 2375
2 6 7898 4758
8 4 2566 4703
2 6 8188 4509
8 6 9179 8813
7 3 8545 6566
3 6 4845 4540
7 2 1131 2877
10 8 8862 398
9 7 4888 9528
1 3 450 3027
8 7 3919 5158
1 8 463 9466
10 3 4857 1979
2 6 2293 8615
10 2 1732 1740
5 7 1759 6176
3 4 3236 3872
3 4 1745 6010
3 3 9610 1354
1 9 6455 2615
6 1 3205 871
6 1 569 824
3 10 695 814
6 10 715 908
5 9 754 920
10 4 565 960
7 3 702 939
1 7 300 454
7 3 158 922
4 2 122 353
9 1 635 830
1 10 723 856
3 2 490 694
1 5 426 622
1 9 92 431
4 9 483 983
4 3 425 562
8 8 404 478
6 7 171 667
3 1 453 761
7 3 34 299
3 9 617 957
4 5 7 711
3 6 18 449
8 1 92 241
7 4 2 474
7 10 70 966
9 6 366 482
10 3 24 1000
6 1 301 587
10 5 116 519
10 4 248 819
6 6 53 271
10 7 64 505
7 10 143 396
8 5 920 954
2 4 226 772
2 5 78 375
5 6 518 611
4 5 782 868
1 9 452 787
2 10 30 283
5 9 198 614
7 2 917 981
8 4 714 897
8 3 265 916
10 10 485 716
5 7 475 733
10 4 256 320
6 8 784 990
6 5 651 739
6 4 655 715
6 8 734 927
8 2 312 441
9 5 167 827
3 7 786 861
8 3 216 223
1 8 391 998
5 10 630 860
6 1 293 358
4 8 67 258
3 6 432 704
7 6 112 380
3 8 772 776
3 6 380 392
6 5 280 463
9 3 543 623
5 8 425 817
7 3 258 896
5 10 437 861
9 1 372 524
6 10 548 789
8 6 572 929
4 1 3 794
1 7 439 487
4 5 488 536
2 10 175 437
10 10 159 800
4 1 677 800
4 3 465 884
10 7 164 464
8 2 152 807
2 2 193 452
9 8 635 923
9 10 122 185
10 2 191 954
1 10 747 904
1 7 21 44
10 1 352 480
10 8 8 468
6 2 7 575
1 6 707 1000
10 5 63 393
1 9 259 834
5 10 22 797
6 5 366 742
1 1 213 956
3 6 362 610
2 8 624 745
9 9 361 959
2 9 62 356
8 3 925 960
3 2 159 989
9 7 335 607
4 10 92 981
6 6 54 465
1 4 64 484
4 7 143 476
1 10 314 921
8 5 701 812
6 10 272 519
3 5 223 560
8 6 28 321
6 6 445 817
10 10 724 854
7 5 347 788
10 7 695 856
10 7 143 200
10 3 432 770
6 2 250 830
6 9 294 497
6 6 502 594
10 1 113 407
4 9 501 877
6 5 477 917
8 3 208 681
8 1 120 704
2 9 476 860
5 6 16 710
9 8 418 965
5 1 525 827
4 3 33 202
6 1 384 850
5 2 377 430
9 4 392 775
9 2 279 313
1 1 606 788
4 3 536 767
4 4 427 462
9 2 587 617
1 9 456 927
6 2 529 903
6 5 29 626
3 9 22 777
1 10 355 898
9 6 135 444
7 1 329 603
1 4 28 433
4 4 916 917
4 1 115 825
8 10 10 845
5 7 417 636
4 9 24 499
3 4 418 658
5 2 629 955
9 2 59 194
2 4 110 539
10 7 413 934
4 3 727 755
10 8 532 832
1 3 544 872
3 5 512 590
8 6 223 639
10 4 98 483
9 3 502 609
6 1 144 582
9 7 275 348
4 10 461 883
7 7 217 297
10 3 408 637
7 3 38 423
3 6 487 725
8 6 243 862
9 10 735 877
5 2 199 309
2 1 134 391
5 1 262 748
1 7 391 577
5 1 189 728
5 7 470 660
10 5 20 645
9 4 123 635
3 10 210 842
4 10 78 731
6 7 56 183
9 1 226 850
3 5 665 781
10 3 471 993
8 2 714 717
7 3 92 270
1 6 228 776
8 9 360 420
4 7 140 845
1 7 296 893
8 5 27 614
2 9 446 735
3 5 96 162
5 8 418 744
3 9 24 237
10 6 509 818
6 6 363 741
10 8 201 600
4 8 363 570
9 7 107 590
4 3 230 844
4 9 550 793
10 5 186 446
6 5 599 722
1 4 91 274
10 8 102 683
2 2 50 226
10 5 482 787
10 3 555 932
5 6 230 232
7 8 358 711
5 4 392 851
10 5 668 779
2 8 96 292
2 5 244 606
7 6 288 776
7 5 16 466
6 10 189 804
4 8 261 869
3 6 30 381
8 10 512 895
8 4 775 995
1 10 58 305
4 6 498 665
4 5 9 642
5 5 568 678
9 1 182 876
10 8 192 708
2 8 267 641
10 10 128 571
1 9 724 865
9 9 54 198
7 5 9 791
9 9 122 398
5 5 568 898
4 9 689 858
9 7 87 976
5 9 444 948
10 8 224 992
9 8 368 566
10 10 158 653
8 9 267 841
10 8 151 197
8 5 241 401
10 7 606 984
2 7 498 638
6 5 764 776
6 1 353 830
4 3 492 752
3 10 104 492
9 9 59 780
1 2 169 752
10 7 206 917
9 6 195 242
4 7 87 220
5 8 374 744
8 4 346 688
1 2 347 524
8 5 132 624
4 1 319 567
3 7 151 751
1 7 157 174
4 7 8 858
4 8 351 423
9 9 252 473
3 3 167 799
9 7 303 683
4 8 583 676
10 9 377 700
4 2 122 259
6 9 388 559
6 6 258 763
4 4 198 647
6 1 656 936
10 3 748 886
9 1 57 615
10 3 149 798
5 7 138 546
1 9 220 737
8 8 458 953
7 6 22 437
7 6 720 814
7 2 19 856
5 9 255 340
6 8 588 826
4 7 259 521
7 8 226 455
9 10 524 884
8 7 37 810
9 1 545 782
3 6 188 377
7 2 239 640
3 7 96 734
6 1 434 623
9 6 640 870
8 2 321 996
1 7 84 275
1 3 513 530
9 3 7 697
1 5 601 753
2 10 807 811
4 5 446 667
4 3 845 903
2 4 8 345
7 1 723 842
5 6 518 684
8 4 444 689
10 6 354 801
8 1 40 381
7 7 670 950
9 8 23 356
4 8 209 669
7 9 352 521
4 4 424 741
8 1 219 456
5 7 817 980
7 10 730 987
4 5 490 673
9 7 487 973
10 10 299 325
2 2 290 312
9 3 696 812
10 6 262 428
1 3 550 992
6 10 46 85
7 5 471 766
6 6 654 840
5 1 380 630
1 5 17 663
5 6 17 860
9 7 224 300
5 2 688 734
8 7 115 315
1 3 86 861
3 10 104 722
10 6 585 708
6 1 6 709
5 4 45 789
6 9 689 901
3 6 170 747
6 9 501 793
6 3 668 872
3 9 717 762
8 4 685 720
9 2 239 454
4 7 212 871
4 1 246 741
6 4 13 407
3 3 432 580
7 10 804 908
3 7 801 821
10 5 3 891
3 10 102 637
9 7 319 688
1 9 177 238
8 3 312 850
8 10 113 438
10 5 709 986
7 3 571 690
5 7 568 646
10 3 332 794
8 6 328 966
10 3 338 924
2 7 580 708
6 8 107 612
6 5 747 959
3 6 149 474
4 9 521 676
5 2 299 436
4 5 358 723
3 7 199 551
10 6 701 920
10 7 87 686
2 2 142 194
7 2 151 850
2 2 653 935
3 2 283 611
5 8 46 833
4 4 199 352
9 8 613 676
5 2 211 829
10 5 118 132
9 1 434 707
10 7 342 931
9 8 295 474
4 5 176 472
6 10 17 161
2 7 85 784
5 3 256 809
1 6 755 804
2 10 286 805
2 2 389 594
8 6 697 746
9 3 544 573
7 5 161 892
5 4 715 901
7 10 230 1000
5 1 134 386
4 1 629 789
5 9 234 426
1 1 416 721
8 9 111 654
7 4 633 650
5 4 154 168
8 1 369 465
3 7 162 369
6 10 183 275
2 10 46 506
9 9 473 980
3 5 710 738
8 4 904 906
10 1 477 519
1 1 199 579
1 10 49 322
4 1 54 940
6 3 430 693
10 4 289 382
7 7 741 818
5 9 142 812
3 9 53 968
1 5 2 414
10 6 778 876
10 1 265 693
10 4 331 651
5 5 137 237
8 4 19 990
4 3 272 443
2 2 51 875
1 3 969 971
5 3 798 949
5 9 1 649
8 1 573 700
7 8 161 737
4 8 729 822
4 1 638 832
8 5 193 421
2 1 641 812
3 6 170 386
8 9 121 399
7 10 338 553
7 9 488 627
7 9 116 965
7 3 711 796
8 1 400 501
6 3 155 280
7 6 71 362
1 1 468 691
7 1 356 984
6 8 337 544
8 5 501 832
8 1 273 448
7 8 309 903
2 8 374 440
5 7 117 757
2 7 149 386
9 6 642 858
3 8 200 926
10 5 242 554
2 3 362 789
10 10 100 782
1 6 525 530
4 1 129 315
8 6 614 683
1 3 164 1000
9 10 41 415
2 4 627 869
8 4 44 476
7 5 125 266
8 3 493 880
2 2 131 336
5 2 140 560
8 10 64 899
8 4 294 793
3 10 252 650
9 3 158 460
7 4 495 869
4 8 594 927
6 3 777 788
10 7 144 464
9 4 308 438
1 4 210 705
1 7 417 679
6 8 390 830
4 9 189 843
2 10 371 863
10 1 629 646
8 4 307 795
5 8 50 149
8 4 169 275
2 5 235 834
7 7 59 582
1 4 646 662
9 7 362 727
9 7 130 146
2 3 140 730
3 6 177 212
1 7 458 866
7 7 309 649
1 4 10 630
10 8 38 441
10 9 37 767
8 6 494 898
5 1 396 810
3 6 48 313
9 8 494 618
8 3 277 997
6 2 2 884
8 5 248 962
8 5 33 213
7 3 229 595
10 9 401 687
2 9 937 997
7 5 234 743
10 9 918 987
8 6 245 418
8 6 233 610
7 5 688 732
7 7 330 889
6 2 281 586
6 3 499 637
6 8 30 507
6 4 516 672
2 8 232 394
6 8 601 963
6 3 768 944
10 9 169 361
7 4 269 539
1 2 17 594
9 7 676 802
1 5 726 803
5 6 89 252
1 10 717 752
6 3 747 974
7 6 258 897
10 9 257 757
2 4 338 339
6 3 507 892
2 4 86 701
8 8 418 872
7 10 391 941
8 2 340 475
6 6 190 683
2 1 206 831
10 2 353 910
3 8 218 365
4 5 195 461
6 7 107 917
1 6 586 650
1 7 23 789
10 5 332 733
2 8 65 741
8 5 195 477
2 2 470 678
6 3 259 486
9 1 438 642
9 8 53 190
2 2 503 702
4 8 433 668
5 2 430 659
1 1 920 969
10 6 167 959
6 2 47 525
8 10 25 39
2 8 472 784
10 7 475 625
7 7 230 886
8 9 330 539
7 6 413 859
2 6 310 616
1 6 177 626
6 7 18 480
3 4 83 706
7 6 29 179
10 4 404 827
4 8 330 639
4 8 501 826
3 9 609 793
2 3 370 803
8 4 21 25
7 6 103 235
2 10 315 375
1 10 339 834
8 2 301 826
6 4 24 141
10 1 339 378
10 4 169 699
5 8 651 865
1 3 4 467
6 3 42 735
7 9 234 580
3 9 347 876
4 4 388 959
7 6 571 673
4 8 512 700
2 3 120 434
6 8 256 874
6 7 2 683
8 6 147 488
1 7 869 875
1 4 696 808
2 3 484 949
5 9 157 756
8 3 187 606
1 3 181 296
1 7 379 555
8 5 382 949
9 1 296 794
10 5 504 981
2 10 966 981
10 7 183 866
6 9 300 639
8 8 338 405
2 4 286 439
4 8 287 616
2 9 627 716
6 4 412 564
7 6 838 916
7 6 453 927
1 3 500 873
6 4 136 937
2 6 104 530
9 10 188 609
5 1 685 966
5 3 405 639
4 1 224 352
1 3 134 372
7 8 157 164
8 7 228 757
8 3 836 847
6 5 306 766
9 2 205 877
7 10 402 565
4 5 169 729
10 6 217 259
5 8 6 913
5 3 214 235
1 2 134 300
8 3 208 254
7 4 27 352
7 4 390 707
6 5 31 395
6 3 339 839
8 7 595 617
4 1 378 896
7 7 681 750
7 1 199 880
8 3 309 583
7 9 17 913
5 5 524 715
2 1 649 994
7 8 39 358
6 1 769 872
3 6 447 841
3 3 416 460
8 10 520 598
2 3 768 874
8 10 356 974
5 10 617 734
1 5 527 743
8 7 575 608
6 1 398 674
7 7 361 658
10 3 226 936
9 10 65 954
10 8 279 482
3 5 376 711
7 4 785 992
4 2 335 502
7 1 574 879
7 6 683 836
7 1 666 678
9 7 755 999
7 5 265 318
6 9 677 940
6 10 40 269
3 10 283 775
3 9 451 564
10 1 7 54
2 6 506 781
7 7 354 567
2 4 247 899
7 9 336 680
4 7 216 347
6 6 80 222
7 3 412 538
1 4 67 108
4 8 899 932
2 4 581 619
6 5 133 349
2 7 897 904
4 1 311 371
8 6 188 591
10 1 601 762
1 9 202 867
8 8 149 276
7 10 249 772
8 4 401 903
2 7 41 829
6 7 141 277
4 2 199 567
2 9 211 522
1 6 488 604
9 4 329 331
10 5 82 968
5 9 57 337
9 7 191 536
10 2 210 994
3 1 72 384
6 6 551 901
7 9 513 928
9 2 335 401
10 4 360 878
2 5 256 427
7 1 387 935
1 4 272 807
6 7 65 353
9 8 81 744
2 10 617 903
3 1 532 769
8 9 381 462
8 1 715 829
2 5 539 678
10 7 451 544
4 10 337 563
8 1 86 141
7 5 251 328
9 2 691 922
5 6 309 720
3 7 204 527
6 7 191 693
8 9 155 358
6 1 717 808
2 8 21 695
1 4 54 955
4 9 5 64
2 5 434 678
2 1 602 697
6 7 62 571
10 8 751 889
8 10 534 991
8 6 380 876
10 5 618 729
10 4 66 149
2 4 654 892
9 3 21 572
7 9 647 812
8 2 795 894
9 1 635 945
1 3 605 821
8 8 135 136
4 9 859 879
8 4 570 593
3 8 758 966
2 8 64 432
7 7 126 596
6 5 64 612
4 9 483 696
9 4 515 629
7 8 831 872
5 4 409 531
6 9 616 868
1 9 493 530
10 4 673 901
2 3 371 639
2 5 51 92
3 10 189 207
1 6 495 822
6 3 59 473
2 4 391 955
9 1 491 672
3 10 278 317
2 1 219 709
7 9 2 864
3 10 733 870
9 4 796 905
1 3 268 399
1 7 288 797
1 4 9 240
8 4 76 829
9 1 86 527
10 1 271 923
10 2 7 318
7 8 574 775
9 6 215 539
8 4 384 846
8 2 327 365
2 4 106 966
6 4 522 871
4 5 334 857
6 5 362 529
10 2 311 592
1 10 354 758
9 6 403 441
5 8 583 762
4 3 544 800
5 8 158 655
6 6 815 946
4 7 296 548
2 10 676 934
6 6 405 728
4 7 682 757
10 8 262 412
6 9 333 941
5 1 101 851
7 1 402 856
6 4 408 929
2 7 123 812
1 9 41 153
3 5 336 568
2 4 452 834
6 2 242 389
6 5 96 779
4 10 709 930
8 10 287 682
5 10 407 470
4 9 438 537
3 5 171 867
1 1 99 835
1 3 878 910
10 7 150 567
2 3 514 960
4 4 69 575
8 3 88 870
6 8 293 310
10 7 582 899
6 4 154 591
7 2 81 417
8 6 211 315
1 4 56 722
3 3 158 789
4 2 464 999
7 10 263 551
10 4 337 753
3 9 229 298
3 1 123 302
3 9 286 977
4 4 440 736
5 7 47 862
1 7 444 917
6 4 68 188
7 8 348 676
7 10 76 853
8 2 421 957
7 7 63 432
4 7 322 881
5 2 464 866
6 9 415 421
1 9 509 909
6 3 309 583
7 5 155 891
1 4 38 271
6 7 46 657
6 5 256 747
5 8 856 907
1 8 25 49
1 5 739 800
9 10 291 386
3 8 861 953
5 2 130 646
5 8 33 477
1 3 114 286
6 10 32 567
2 10 776 1000
7 6 399 997
7 5 389 886
9 6 86 997
8 8 294 728
6 3 232 684
2 2 217 379
9 3 420 955
4 4 114 374
8 8 776 899
2 1 54 369
8 6 352 953
1 4 117 775
2 3 307 758
8 10 297 331
3 1 264 506
8 7 408 953
7 5 469 510
3 2 84 684
2 6 201 955
10 4 483 665
2 10 67 179
8 9 544 977
3 8 143 465
2 7 275 489
8 8 613 668
9 4 280 359
10 10 321 826
8 9 385 541
7 8 431 691
1 2 356 785
2 10 320 769
2 4 45 555
2 6 176 296
9 8 147 823
3 9 686 710
7 5 46 226
8 6 515 523
7 7 843 882
3 10 259 604
5 3 301 992
9 3 189 855
10 4 559 749
8 9 22 218
4 4 530 850
2 10 29 148
9 8 238 421
6 8 533 578
4 8 468 799
3 7 355 822
7 3 736 906
6 2 388 468
4 3 172 342
6 4 407 997
4 1 187 587
8 6 138 865
7 5 614 854
1 1 770 883
5 5 616 726
8 1 471 861
1 3 160 761
8 9 46 911
7 1 297 910
9 1 261 821
5 6 399 742
2 3 304 865
2 2 74 310
5 10 644 719
4 4 43 646
1 1 639 816
3 5 640 669
9 1 35 930
10 10 148 836
4 9 25 236
7 3 505 917
8 5 377 716
1 4 284 766
1 3 285 906
3 1 56 449
1 1 737 745
6 6 40 956
1 6 70 609
3 4 745 745
5 7 628 879
7 6 509 640
2 3 611 692
10 1 650 783
6 1 297 547
9 6 784 914
4 10 81 471
5 3 189 806
3 4 46 686
8 10 68 669
7 9 744 863
4 9 242 334
4 7 23 842
2 2 411 966
3 3 508 805
10 6 393 865
1 7 590 986
9 6 299 412
7 4 418 875
6 6 273 282
1 4 405 636
3 4 153 616
3 6 419 495
9 10 833 909
4 8 692 764
9 10 99 315
4 8 30 669
7 4 208 700
10 6 7 469
9 4 749 774
6 4 868 973
9 4 65 455
7 9 385 546
3 5 113 149
4 10 705 832
10 9 795 983
5 4 304 883
8 3 488 639
8 1 280 752
10 8 365 978
5 5 812 893
4 4 239 346
2 6 460 737
8 10 176 814
3 6 24 77
3 6 872 875
4 1 376 655
9 6 50 522
9 4 142 717
9 9 51 800
2 10 265 881
2 6 281 925
