730084
912357
1791537
463816
437269
1018722
314225
2532622
1658920
2069936
113137
651221
1220406
1504693
1099927
1813674
574173
3119894
564176
2611876
889024
1545354
1624797
1622701
2142018
993128
491180
350427
2280265
2009340
1881737
112213
1548326
1014856
1007944
937088
851758
2907936
2253611
3343865
1684109
3289267
1904665
1155559
351366
2185918
37997
1673905
1558841
2209078
2041031
304089
1125119
-1
759396
624425
130093
2734755
335558
651009
2510924
379703
1810763
2761302
2419076
941685
132149
404041
226042
608631
560257
1174151
929003
314156
1568790
1609856
1864839
1344690
1304161
1007600
237861
-1
413664
3685105
1537527
2615298
726320
994858
189816
853599
1872606
188895
3262434
232618
803563
712479
759557
305848
696852
1151109
2197382
1104544
2858046
-1
3175201
304410
980419
535998
749478
977992
2183875
2213037
523777
1444571
1500295
396950
415633
361177
119828
1178813
2921466
-1
173271
1099999
1115421
836319
107308
1269619
579363
2766655
159960
2025938
1052551
337100
345146
3374816
1462595
364588
2147460
-1
2136904
673301
2470946
851382
386886
353751
1390921
775322
1732581
1999501
962885
1816912
2021208
434952
2200050
163237
2087196
372042
1443896
923622
586444
2467332
340191
1791642
3751098
495033
2938474
2175147
1991028
260223
2018429
991628
276501
428773
600304
1208683
232353
2331022
1188246
-1
1272395
198206
252137
1321024
2609622
3689183
754684
329703
3658115
641248
771283
2627123
2042296
552996
2904036
363639
1723895
1390310
1866628
518457
3293291
627048
509811
368529
1676387
2194686
1909671
1077927
3022595
1506597
2111318
933205
905404
1042160
1089540
599109
3044215
401465
3005809
2406960
590981
971690
1766819
2263645
2439376
2059511
2373468
3333085
372484
1137720
2013898
2486695
240972
1778780
320581
923259
128095
234672
625563
795400
1018237
1286717
424447
899435
789701
1116230
2780009
3562185
1126225
834467
2363839
2799449
1657848
550334
455127
2875041
1597690
1048977
2139772
1061450
1242419
120508
3475152
894490
839157
707361
216729
-1
761953
856885
1459696
1102460
-1
3224137
545195
172552
1433833
3576597
251983
554648
824944
534554
251302
3071484
1463593
1550261
1086063
1425023
650094
3605277
414126
3034285
1245302
3376549
924467
656233
2805091
881701
1412864
128500
188532
551693
3505883
2065147
2675256
2872986
884297
2271441
627086
1600403
117162
1584025
1069950
429505
1741844
1330840
908628
3037182
2512924
1509896
1290403
468293
998774
1439829
1266257
718854
2808797
113247
911667
1748628
1768964
645378
1351939
931117
562005
21480
440477
94790
638334
1476163
135677
444771
853379
1328330
876810
678565
58460
765903
110415
1058192
2798140
521810
1234567
203859
194886
741409
220208
2346298
2509193
1644581
173305
78663
2091205
292724
411164
315297
2731990
1513231
2701223
274663
2415327
2031718
962988
1642858
602546
308751
-1
3373706
1108672
2246832
340484
654728
1707690
-1
137710
672179
85123
672068
1140219
2337442
764129
2134118
246000
3102700
209641
2045853
1916419
3149512
261695
60359
3285301
1261701
218981
3308450
132907
39951
1470285
448356
2360745
2436136
632837
2365857
2989616
54896
2284667
1211015
815359
1019479
183002
1375210
1098323
562544
2172353
1145933
860569
354260
3335092
358617
1488498
1460949
709020
386255
663854
452982
2870293
638396
88828
2745313
622918
283078
524952
2591478
581713
495416
1983901
177327
391232
1014615
2414152
922756
1529003
2927107
1561859
1724535
756166
102857
1189632
2884000
486461
3492892
498402
1541411
496956
218043
2641792
719367
2502159
2894745
203703
2418144
528024
2785795
3287890
931343
-1
326525
604824
1532197
197289
-1
349362
3091788
2918990
441286
1677528
2568059
400925
2374616
1321368
1205355
397863
513945
444412
245026
1068280
740567
641152
1706257
959465
3122956
1919412
2031776
1068131
1884924
69124
1240580
507783
2253835
3185122
158772
754936
251774
2399881
144152
2392444
119977
367687
1196457
414864
918939
1749245
450029
309348
2771395
2917883
3558776
1681186
1939418
1328793
1297905
1666658
240753
2090743
184055
446461
1542959
3485726
987961
3764710
-1
1449600
418450
2640917
737307
2882298
920924
668681
622975
1752694
2177675
150958
1563597
976349
3075128
1055690
1771061
2241495
1543441
356373
636116
270454
2053856
511262
908912
2706396
1907783
1389047
1200898
2929039
64764
2967986
-1
928979
-1
1617994
977658
736769
2060556
788196
991876
2732539
3360524
1543273
213936
2155877
2363704
331401
131604
2446864
94202
3112200
1354732
371810
1249101
1667425
596156
200419
122965
3117562
543429
1666605
670492
943318
2028775
677022
1580610
1665794
397777
2215519
1851164
156288
646767
1112672
3195859
238490
240609
1659847
1548076
175210
2395406
2946248
139974
1834200
3027583
1111686
175944
1574313
1845942
680518
277767
1163868
1745759
1921518
792080
225763
-1
315506
-1
1649830
-1
1840690
574378
577841
1259388
1937816
1376645
496549
682762
317356
3199821
1785678
275891
752686
1103608
302486
1715256
1840935
109700
1008712
2176850
765952
2339583
3587058
282447
455087
1435159
1728619
1020531
2265557
1678227
2656984
1268266
236432
683646
3896639
3002883
759249
1945524
156414
2570095
1197746
1137689
2042148
659250
1326932
695810
3246680
161022
1136501
610716
186535
619173
3529072
1836928
215970
3089249
1570468
1408993
1338721
-1
2069972
421422
1416890
452287
1134915
2555834
1107976
555479
864440
1807325
839695
644942
913357
535284
3637190
2345781
221026
2570090
558685
1493799
336322
1799505
89618
1286630
1057676
1089664
2411192
2855828
2507746
174682
1091125
176828
41272
2736687
1169044
1746684
2171901
2137113
1671180
501944
2705283
439784
514951
3446791
1137839
1081557
1703196
711081
816768
2422247
104605
372152
2376764
1877504
1770502
97954
2361587
1466458
3177436
455467
889279
409178
1146900
484693
633067
242707
423680
2124495
870446
1949696
644378
1017903
2703109
996351
1999368
-1
1185900
1849090
1630493
304470
1090681
2229738
1613149
1549501
2678116
2522054
1881332
1491049
490783
342781
449561
216145
1594546
1454721
229008
264917
1954682
3169265
882289
1309722
1931820
3374272
802160
4978
2771083
1323296
1714892
937135
975261
1123442
540377
901661
1957178
1016877
1571181
960216
1669282
103359
3050797
274365
1431722
456985
860309
2242238
2117053
446511
663783
1824336
761273
475318
937222
605891
314041
1645704
2435179
285076
1097002
2478384
1535146
2496782
169862
2723491
1517463
120933
1306784
312626
1375248
831109
702356
1413204
505518
989186
1771660
173288
1007867
1713672
1602089
795080
2955559
377336
2116524
1587528
1993960
1602528
1535464
2163647
733792
883596
3879625
1409020
1345281
543184
2900657
1262231
911418
91877
3119537
555588
340145
2286630
1266681
1905009
1114714
104030
896540
1635149
206354
984933
2875557
97828
1435920
531611
2148571
141304
1020533
2729491
1354402
2582874
2948134
1997280
1134032
2174955
148309
1104425
2197279
1358302
1548025
1111194
1323803
596607
789730
1766070
2064289
3046450
952412
3354406
939186
1214351
1545495
831018
747001
3750451
1103422
804210
45732
2947788
1218463
1487831
383486
809944
1390985
2246455
960599
1056724
2892703
1668282
2181088
2529955
766441
1924860
2209189
547535
2898706
1967748
766957
380435
117725
1933821
2417784
182294
1337767
1856499
1704422
1482091
1064189
871138
541086
1131182
2497668
2266421
1556991
58887
1056648
543657
808774
2672280
2659241
1399174
1102808
1894944
154496
52584
686864
123336
1366748
107254
1193484
31509
1829944
790096
237293
623218
334202
139743
2618647
522636
194881
3553168
827348
1499012
1962054
1477469
3031469
67334
3586082
936552
783036
1287901
2711642
819589
