10 1000 1000
10 8 5384 1013
3 2 1896 9548
5 9 7909 1653
4 8 3713 6549
3 6 504 694
6 4 5186 6577
2 3 9345 3551
5 3 9100 7710
8 1 8410 8518
9 3 172 7474
8 6 1364 2731
4 1 140 9794
1 6 2842 7353
9 5 7369 2217
4 7 4032 5134
8 2 2474 3831
7 3 9400 7610
10 6 1017 8970
5 9 2167 8095
4 5 7313 8431
10 3 1339 3242
2 2 1486 6266
8 1 7734 3585
4 3 1481 895
4 6 256 6699
1 7 3832 9022
10 10 5647 5931
6 2 3863 8765
3 7 6362 5578
10 7 9128 7945
6 5 7863 6753
9 6 557 9232
7 6 8103 5220
2 4 4094 5554
1 10 5772 981
4 2 1737 680
4 10 3498 4307
10 10 9661 8352
1 9 5998 3508
8 7 4686 6576
4 9 4228 9161
7 5 7827 5604
4 3 1730 3484
3 1 6189 4236
5 6 9737 398
2 3 2997 8755
9 6 643 3744
1 6 6630 5308
1 7 4084 7237
5 1 8836 1908
10 4 9640 2990
9 2 5786 2423
7 3 4520 8612
4 6 2364 2300
4 6 2765 5618
4 4 5228 7974
9 6 8343 7485
1 6 2529 785
8 8 9782 4551
4 3 6876 1818
8 4 1460 4728
9 2 7061 6776
7 9 4726 1070
4 3 2630 9002
3 3 6314 668
7 2 6570 1490
10 7 6600 1471
5 3 4645 4697
8 10 3856 25
5 9 1404 2903
10 7 1344 304
1 6 6004 220
6 1 6998 6872
5 8 7457 686
4 7 9762 850
7 9 9298 5211
2 3 6410 5099
4 9 8551 517
3 4 8842 7310
1 1 6885 8107
5 2 9090 1671
1 8 2239 9675
1 5 333 3571
8 5 7113 2155
6 2 6279 6037
6 2 9438 9626
5 2 3130 7102
5 3 9059 9303
9 3 8211 8905
5 2 5746 1634
5 6 9074 6013
2 3 4917 1729
1 1 4786 9954
4 8 8314 2110
9 9 9814 2953
9 2 9626 9565
1 10 4147 1725
3 10 1643 2682
2 2 904 1109
7 7 8375 305
7 6 5710 4985
7 9 2739 24
6 4 5898 1927
3 8 1758 7587
8 1 3613 1548
1 4 4148 5280
7 6 442 52
9 3 2638 3366
6 3 4229 3058
1 5 3583 64
7 5 3609 9345
8 2 9177 1170
1 6 8547 2517
9 9 8020 356
2 6 1994 2292
7 10 7231 6567
3 10 5215 7122
4 2 2262 801
5 4 6574 1551
4 8 8912 1057
4 8 3988 857
7 6 8566 2422
7 10 4035 3834
4 7 6689 7439
8 7 468 5621
2 4 7972 3744
1 1 8110 8682
8 1 3009 9865
3 5 8497 5526
7 5 7167 8923
5 10 9198 6176
4 2 1629 3683
2 5 8717 3553
4 2 1515 2277
8 2 2934 1892
6 8 7887 4850
3 8 968 2031
6 5 2986 1946
1 10 9813 4606
9 10 444 409
7 6 5617 1409
8 2 5947 7191
9 3 987 5071
2 5 2210 3442
6 8 3820 6908
7 2 4028 986
7 2 665 5436
3 5 7607 1837
7 6 3752 9000
4 4 5924 1152
8 2 9139 6955
3 3 3490 4947
2 5 5336 2182
2 10 3310 7415
5 10 5177 6000
1 9 8132 2359
9 1 2637 8865
7 2 1121 9768
7 5 124 6242
7 5 4251 6078
4 6 3491 3672
3 1 9931 8
9 4 9227 1892
4 4 347 3772
1 6 4243 97
10 10 4525 4984
4 5 200 5421
7 10 3091 953
4 8 5958 981
7 1 3527 479
5 3 5620 2497
9 4 5890 2516
3 2 9173 4520
1 10 7961 7221
6 2 1488 8006
5 5 4688 1097
8 6 4570 9212
4 2 9819 4123
6 5 1328 8222
9 3 1416 6907
9 10 490 8804
10 4 2742 474
4 3 5807 1296
3 6 1497 4383
7 7 852 12
8 7 2301 1936
5 2 3013 495
1 10 7948 5432
10 1 951 4054
6 5 7317 4444
1 9 1901 854
4 10 6523 7147
4 5 6027 3298
8 10 5019 4027
10 10 7033 9010
8 9 5997 6750
5 9 9182 8989
3 5 9617 706
10 8 972 3264
2 5 6077 4839
5 1 9948 7240
4 4 856 3438
5 1 8378 4478
9 5 7679 3100
2 9 4557 6761
5 6 9183 2713
8 8 94 6133
7 3 5313 7550
4 9 4924 6561
10 2 477 5091
5 1 7259 4167
5 3 2890 7955
3 9 7854 5373
2 10 7805 4090
2 10 9857 8094
6 4 1637 8307
5 1 2963 1481
9 4 7858 8548
8 10 819 8074
6 3 4840 5601
3 7 4012 8321
5 1 1644 8629
7 3 1185 8802
1 4 8529 9249
1 9 232 6009
9 10 7520 775
8 9 7599 5514
8 3 7281 8794
6 1 427 4593
5 7 9112 6474
8 3 234 8938
8 7 5546 9920
10 5 9830 7939
7 4 59 6149
2 6 8596 1297
6 6 7277 6633
2 7 8664 2499
8 4 1932 700
3 1 2847 205
8 9 7259 7272
6 5 1777 561
5 8 1090 3685
8 4 8971 8492
10 1 5204 1156
10 3 7207 1370
10 4 3431 1795
10 7 9033 5332
1 2 9847 2897
6 7 3031 8193
3 7 5067 9807
10 9 3578 2249
8 6 4746 9043
2 7 1476 504
1 3 6425 6588
4 3 5726 8069
8 2 8973 8561
6 5 3002 1700
8 7 9753 2811
9 6 4202 4921
3 4 7373 6081
10 4 2111 4046
4 8 2567 374
5 5 4027 427
7 2 4671 2372
9 2 9735 7446
6 8 7928 1170
2 1 6787 8178
7 5 623 6528
3 4 91 8869
4 1 4059 2035
9 7 258 972
2 4 4758 909
9 6 6496 5581
3 6 1213 5230
7 7 6974 4713
7 5 9824 8221
6 10 2679 2870
4 8 9178 6150
5 7 9378 996
10 6 4829 7096
6 2 7953 7281
2 5 6248 8274
10 10 7331 5479
5 4 9136 1934
10 1 239 503
5 3 3979 6409
1 3 8798 3877
5 10 6556 1260
1 5 8466 1978
6 7 1272 9931
5 5 7353 2452
5 8 7741 318
6 5 8361 1714
6 10 5067 9441
6 6 97 5720
9 8 7687 6669
10 7 9322 131
6 10 2311 5532
6 4 3464 1399
10 7 3658 8961
9 8 1266 7472
8 5 7886 983
2 10 7311 3656
5 5 984 170
2 8 8737 8753
9 4 3168 9521
4 4 1782 3580
8 7 2689 2558
2 1 3930 2535
8 2 2894 9714
5 4 5874 8605
2 4 5288 7079
5 9 1856 347
6 1 3723 3744
8 9 9825 4042
9 5 1181 452
8 7 4431 2687
7 4 6628 652
6 7 8150 2507
6 7 9984 1819
9 5 3516 1209
4 6 9932 7459
10 1 7564 4388
4 9 4323 7684
2 2 6072 1968
7 5 1697 1759
5 3 1721 5566
7 9 7765 3457
1 2 9956 3128
10 5 2766 7325
8 6 9138 6184
5 10 5082 2874
4 7 6317 5444
8 1 201 5634
4 4 45 1773
1 6 4641 1233
3 3 2630 4445
1 5 2038 9117
5 10 1142 315
10 7 9738 348
4 4 2324 1969
7 10 4137 2281
10 5 1799 6141
10 2 7162 1790
1 2 1635 7292
9 5 2576 1542
9 10 8807 5927
2 4 2351 6306
4 5 8181 8658
4 4 2221 6350
6 9 9822 1945
9 9 5192 8120
6 7 2285 3763
10 3 5285 7954
4 7 2582 3185
2 7 8588 1589
7 6 9373 6410
1 1 2015 4363
7 8 3883 716
9 5 6375 1680
10 4 1295 8039
6 5 7143 3578
1 1 4320 3283
4 10 6364 7211
2 5 9372 4388
7 5 1623 5782
9 1 3445 6073
10 2 7196 273
3 5 2307 9792
4 2 145 6578
10 7 8330 8436
6 1 2438 3296
3 6 7521 5541
10 2 5226 1942
8 8 4899 1593
2 6 1918 4641
4 2 1421 6953
5 7 2365 4229
5 7 318 1883
4 9 1348 2906
6 3 5618 8314
8 4 7551 1588
4 3 8798 7412
4 10 885 4635
4 8 1666 6774
1 10 2418 1212
7 5 5685 5124
10 6 3708 3742
9 5 7924 4939
6 4 8340 5339
9 8 2623 1923
8 8 9455 278
7 3 1941 1998
10 10 4997 2380
9 5 2289 6211
6 2 677 5384
5 6 4562 4202
3 4 1706 3986
10 7 3551 4542
2 4 1821 9000
3 8 4660 3631
4 3 9811 4464
7 9 3858 8690
6 5 6728 7581
4 7 884 7619
1 10 4013 8492
5 4 8451 8476
1 2 5496 7340
6 10 871 9229
3 3 8174 1597
1 1 2106 9897
7 5 4110 1960
2 9 6403 495
4 10 7702 3399
2 10 5588 5189
3 6 3003 4777
6 5 3024 4608
2 10 3651 2557
5 4 7384 5426
6 2 1152 319
8 6 323 1922
6 10 8522 1719
3 1 5688 7171
4 8 5706 5430
7 9 4317 9375
6 2 8650 3528
5 8 8026 189
4 6 2256 9099
7 10 8782 6490
3 7 2770 2808
1 6 875 7933
9 4 2752 8058
1 8 6584 5862
5 1 6120 5335
4 10 5474 6301
3 3 1311 6613
9 8 9310 5336
6 2 7289 1724
4 2 2966 4776
7 9 6599 6063
4 2 8588 8488
7 10 2324 6208
5 1 1919 7955
8 9 9342 6880
2 3 4663 5099
2 9 7760 9872
4 9 6236 497
9 6 3011 252
6 2 8783 1636
5 3 1306 1785
8 1 8191 7607
5 5 9624 7499
8 1 8997 8966
7 7 2118 8827
5 7 3591 7211
6 1 1069 6077
3 8 2552 1770
3 1 3186 6816
3 8 4808 5970
8 3 1507 1768
1 7 8924 5619
9 4 7138 4807
5 2 400 6994
3 1 396 9156
10 6 2208 852
5 1 1392 1750
7 7 9218 4783
4 7 4890 2101
1 5 9690 296
7 6 2903 6965
9 6 8958 1244
3 8 1163 6987
8 8 4227 6335
2 1 7136 3385
10 5 5798 2337
1 7 2980 3844
2 5 4529 3729
7 5 7281 8037
2 10 5722 6853
9 6 6850 1709
7 4 305 4990
1 9 7704 1454
2 6 5853 9653
3 7 2295 4222
10 7 5309 3200
7 1 1448 6458
3 5 6844 29
8 1 7012 8397
7 10 8012 1850
4 2 927 332
4 5 3146 4304
10 5 9900 2335
9 5 6355 8725
8 8 2657 2542
6 7 5403 6948
2 9 6222 8472
9 8 2899 206
8 7 5185 3505
10 10 73 2124
3 7 3404 221
7 7 6156 2398
8 6 412 4008
1 3 4173 3101
7 1 7894 6291
5 6 1921 9902
6 8 4930 2924
10 3 8725 5501
7 6 6494 4559
3 3 2895 3519
2 10 1350 3217
1 7 4560 2241
7 3 3220 854
1 10 1724 3509
5 2 5163 6890
7 10 3647 9550
4 6 3400 6667
2 4 6153 8997
8 6 1598 9937
6 1 5958 6378
9 8 9471 8567
5 4 354 5688
7 3 1429 1107
4 7 3553 3176
8 4 6136 9742
6 4 733 174
8 1 6122 8574
4 5 9160 4076
6 9 1696 2181
4 5 1078 1056
1 7 5348 8689
5 6 8552 1838
1 4 8320 9918
3 4 5602 480
7 10 7666 8179
4 3 1887 6629
10 10 8258 5681
5 7 1327 792
3 2 3558 7385
2 3 6741 960
6 1 5820 5201
10 5 3891 8839
5 1 2289 7974
4 6 8790 7414
1 1 826 6630
2 2 9933 9858
9 10 1536 5123
1 6 2086 813
8 10 6112 1010
5 1 8425 721
10 2 4890 9057
3 10 4209 9772
9 4 7151 2764
9 10 3710 3180
4 7 5307 1702
4 4 6542 6103
3 1 8921 165
4 10 8953 1572
3 2 2615 2695
9 2 9418 3598
1 3 7229 1992
8 5 8112 537
10 9 1437 1565
6 5 695 9149
5 3 2812 4600
10 6 2157 1676
2 6 1456 9272
2 3 9849 9812
3 7 5429 8569
2 8 1047 1670
9 2 9810 2092
10 5 4829 2233
8 10 9664 1949
5 9 1646 4054
1 4 5184 2102
3 9 630 355
3 8 5608 2447
7 6 1824 107
3 9 3614 4241
4 10 1680 8666
8 2 9134 8960
3 6 3487 2745
5 1 3642 9145
10 6 6582 2667
2 10 5990 2696
1 5 2208 8698
5 4 9352 7441
10 4 2622 1070
8 8 4190 9783
9 7 9615 2815
10 5 7225 233
5 2 3924 6266
1 8 7052 1318
4 6 894 7488
10 6 8540 2991
7 5 1486 4804
9 10 1112 3213
7 2 9952 3120
1 4 6869 2611
9 7 1333 637
8 2 8111 3898
10 7 738 8610
10 4 1536 4075
7 7 6266 1775
3 10 6727 980
10 7 5821 3535
6 8 9589 925
3 2 8887 1819
5 9 9031 7251
2 2 1529 6924
9 6 9247 4041
10 7 177 9387
10 2 1168 1162
6 8 8236 2199
1 5 176 9994
8 1 9117 1345
3 8 7455 4540
5 1 5508 6608
4 8 5883 881
1 7 9543 8830
3 4 648 4771
1 9 5142 5509
3 1 2270 982
4 7 8721 2831
2 3 7104 6335
8 10 3554 1805
5 9 6209 9996
8 8 1435 2322
4 1 3631 4697
6 8 8644 9179
8 8 8989 7993
5 6 4090 9857
4 5 7771 609
1 5 4532 1508
2 7 8293 8659
3 6 1562 3101
5 5 183 1236
1 7 542 1650
5 5 589 7004
5 7 8542 9791
5 2 4270 9982
6 9 5941 1908
6 5 753 4316
1 6 8090 5433
9 5 919 2090
1 4 2330 689
4 6 2344 4165
2 8 9561 3792
10 9 4721 4474
4 2 2209 1278
7 7 2753 1821
5 8 3345 4603
10 3 4234 6838
4 6 6899 4021
7 10 7307 266
3 1 1554 4043
4 2 6088 8751
9 3 2986 7859
5 8 2296 5138
5 7 3821 6923
9 4 4599 5231
4 5 9599 1456
9 10 136 7976
10 7 1393 8219
3 3 348 2117
9 3 9322 1970
1 10 5166 8403
7 7 1232 6964
2 2 4265 1658
10 7 9942 5534
6 6 507 133
5 10 108 7785
7 4 27 4052
1 4 6426 9431
9 9 7693 3157
5 7 1458 3085
3 7 7090 5156
10 8 4369 5347
8 2 4170 4217
4 5 5660 758
8 5 2020 8674
3 2 4736 7080
9 5 9518 2819
1 3 9011 4669
5 3 6416 2161
2 10 1781 5485
2 5 186 7881
10 1 2937 7889
7 2 9942 1976
3 7 6086 16
4 7 6358 978
10 8 9154 2123
4 5 7192 3755
2 1 9711 7087
2 8 2633 5120
9 2 3756 3712
8 1 1780 127
8 5 9236 9895
3 1 1710 5867
7 10 5787 1348
6 9 4912 8426
1 5 8148 9553
2 3 1663 2872
3 1 9627 3788
1 9 536 1169
9 9 2642 6625
4 4 5149 7593
8 9 2501 329
4 4 2853 9302
6 5 4013 542
9 9 6270 5476
10 1 3458 230
1 4 2525 6082
4 7 4453 8380
5 3 1261 9199
7 3 2581 4250
6 1 3130 4152
9 7 3918 4269
1 6 463 6384
4 5 3381 2355
9 10 134 4955
1 6 4216 2647
5 4 3479 2841
9 2 7947 3143
4 8 2875 3684
4 5 3109 438
7 8 6034 1986
2 4 8926 7086
5 5 770 8052
2 2 1170 4118
2 4 5778 847
2 5 5738 7006
9 3 8062 4950
6 3 2055 5311
1 9 9143 545
7 10 9316 8552
5 5 6207 7511
4 8 1484 5093
4 8 5442 2948
10 7 24 2387
2 4 2442 7940
3 5 8155 643
5 5 965 4970
10 4 701 194
9 4 4941 2876
1 6 8255 2310
5 1 7541 7992
2 4 9041 6862
7 3 3081 4518
5 5 202 4741
8 4 460 1102
3 2 3398 3721
7 10 9840 6630
7 5 4272 7355
6 2 5982 521
2 7 7947 3499
4 3 354 6723
5 7 9454 8645
6 6 955 1132
6 10 179 9093
7 1 8787 4834
3 3 6489 4540
7 5 9688 8667
10 8 1597 4686
8 7 5182 5703
1 5 1324 2708
8 2 5266 183
6 6 5215 60
1 8 8505 6489
9 7 1552 1970
10 7 3659 9020
9 7 9011 5539
9 3 1795 2777
5 5 8161 2782
10 4 5046 8026
9 8 7902 4167
9 1 7969 763
4 9 270 3242
9 2 6206 7287
2 8 1663 490
3 4 4973 9437
8 6 4766 1271
2 3 8026 9066
5 4 3500 4444
5 1 524 411
8 8 3148 4037
4 6 3420 3814
5 3 9665 3943
2 4 2801 6286
5 6 108 3309
1 10 1423 5119
1 2 5263 7717
5 9 1767 6650
3 6 7617 2764
10 3 232 1885
6 10 1112 2377
7 1 9447 1331
5 5 4553 581
7 5 9590 9877
7 2 7839 1832
3 5 3369 2575
8 1 5269 8859
2 5 9356 1129
3 2 2736 7771
8 5 4086 2756
2 7 3688 8565
10 4 9128 7202
8 2 2805 2897
9 9 313 391
1 5 7395 5543
7 6 4048 6878
8 3 8199 3123
3 2 4742 5086
8 8 7267 8228
7 4 9953 8363
8 5 4199 805
8 10 8128 8008
1 6 4975 7063
5 2 3645 808
8 6 6379 2459
1 8 4450 1313
9 8 1968 8801
10 4 8053 3741
5 5 7454 6476
9 9 5651 5208
6 2 3152 5924
8 1 8026 298
2 2 7560 829
5 8 2322 3544
5 1 1401 1594
7 2 9964 9418
6 6 4932 9088
9 10 2269 6417
4 7 4001 5657
9 2 380 1839
2 5 8950 7069
3 10 3547 8525
1 10 6103 5122
1 9 2 5057
5 4 1455 1607
6 6 677 3467
4 10 6522 3580
4 7 1682 6562
6 7 4686 5509
7 3 1092 406
1 7 6304 9979
9 5 4090 8789
2 1 6007 8025
6 1 4117 2832
4 7 6645 8035
1 3 8978 1299
7 1 8601 7036
6 2 8473 749
9 6 9163 2252
7 4 399 5088
4 1 4499 590
2 5 1905 1155
8 10 2756 5623
9 1 2625 6466
5 6 1450 792
4 7 2514 8518
3 9 3234 1821
1 10 5944 8603
6 10 9774 2577
7 4 1141 6958
9 7 4642 3970
8 10 3527 8178
2 10 8161 4183
1 2 6117 1789
2 10 2300 6825
7 1 5519 1388
9 7 1598 3813
10 10 2233 6168
5 8 9018 4489
5 3 3135 4427
7 8 6109 1164
9 6 2727 1576
7 7 4303 3656
7 9 2758 137
3 2 9436 6854
9 3 1666 6590
10 9 2288 4088
2 2 8974 5082
4 10 4076 1186
9 2 3574 769
10 6 8585 797
7 2 784 6190
10 5 6912 810
2 8 3705 8963
9 6 556 8996
7 2 6350 5712
5 10 533 254
6 4 5960 2429
1 9 2475 1161
7 3 2616 5522
4 8 108 5817
5 9 5926 5904
9 9 1321 929
3 10 6645 8236
1 4 3647 9867
10 9 498 1492
2 6 1937 5275
8 8 7999 1518
5 7 981 7501
10 3 9216 4672
6 3 1774 9872
6 6 9022 7503
7 10 5745 5311
7 1 5586 7538
10 2 2628 3631
1 10 5515 500
10 4 4997 809
9 1 2243 2694
10 4 8801 2355
2 9 1484 245
3 6 6084 2899
9 4 8456 317
7 7 7131 3275
9 6 4292 9607
9 1 7967 653
2 5 2516 2044
3 1 3449 408
8 7 4286 7833
7 4 849 9966
9 4 1362 4220
3 2 7725 6746
10 10 2301 7204
6 4 6451 4028
8 5 8089 3903
5 1 933 8141
7 6 2054 1806
9 4 5921 2104
2 5 2630 1046
1 10 3616 372
6 6 6999 8009
5 3 5645 3421
2 7 4797 7920
2 7 4452 4098
1 10 8898 1115
5 5 4104 1465
2 9 1134 1704
7 4 5408 4271
10 7 7444 6907
1 1 438 2346
6 9 1786 88
8 10 309 1675
4 6 3299 1055
8 3 2369 2923
5 6 1822 2804
8 9 8930 6819
7 10 3245 662
10 2 8177 8104
10 6 7043 6577
4 4 2798 6996
6 8 8756 5386
1 4 7381 676
5 4 4659 69
3 5 8643 7415
6 7 4556 8974
2 10 2075 725
9 6 3569 5427
3 4 371 2735
1 7 9311 4215
4 2 2729 1647
7 10 1215 9394
3 9 6994 3719
7 3 7603 652
5 3 573 2325
5 4 7680 4854
8 7 5651 4301
10 6 7849 5059
9 7 8935 4847
7 6 5312 5781
6 1 2303 2709
10 2 867 1916
7 7 1801 510
10 6 1763 7713
9 3 3710 1946
10 3 2269 8366
1 9 3446 9247
1 2 9611 9939
10 2 8111 8562
7 6 9964 1917
9 5 2524 1149
9 3 3223 1501
3 3 1026 361
1 6 9313 932
6 4 3404 372
6 2 7320 8919
5 6 9357 301
10 1 9994 627
10 4 4731 3897
8 7 1071 1123
2 5 3767 6318
9 5 3501 2493
4 5 7349 2011
6 8 4957 2711
3 2 6202 2450
8 1 2132 2011
5 10 1807 2199
7 4 9334 8888
6 5 616 798
6 2 434 658
6 10 515 974
10 8 825 949
4 1 679 786
6 6 621 871
2 6 763 836
3 1 349 984
2 5 369 775
1 3 209 718
4 4 591 620
6 10 134 293
6 3 572 875
5 2 403 770
7 10 544 819
2 4 529 998
8 6 739 875
5 10 33 811
10 7 668 810
10 3 283 948
2 7 541 765
8 6 256 642
9 6 296 696
5 8 299 701
8 2 252 789
4 2 712 964
5 2 530 655
9 5 710 795
3 7 369 936
7 2 411 910
2 8 330 796
2 10 932 964
8 6 485 876
4 3 474 733
8 9 354 596
5 2 380 606
1 4 192 397
4 9 45 774
8 2 282 844
5 4 10 836
5 4 289 709
3 9 138 962
3 3 315 793
9 6 35 328
8 2 356 435
7 4 206 747
2 2 263 271
5 7 359 772
8 5 435 820
4 4 245 800
10 10 446 965
9 3 250 327
5 4 225 500
5 9 116 117
6 2 713 902
2 2 187 334
3 7 715 747
7 8 262 955
1 3 777 856
7 7 28 195
6 5 154 774
5 8 785 875
5 9 416 864
7 10 23 708
8 10 377 985
4 9 69 299
10 8 931 966
8 4 253 359
3 7 913 975
1 8 751 899
1 7 278 421
8 6 684 985
1 1 92 326
4 7 485 556
8 8 365 750
6 4 77 466
9 6 142 599
7 10 122 449
2 7 600 927
9 6 468 722
9 5 876 939
7 8 131 139
6 1 252 360
5 9 4 925
10 9 402 780
8 8 308 971
9 6 294 469
9 9 199 439
4 8 287 331
8 5 490 706
4 5 373 834
2 4 96 147
6 4 100 921
10 9 500 545
2 10 389 579
8 1 66 243
10 9 370 542
6 10 692 762
2 10 96 268
2 9 278 557
4 2 387 934
9 7 298 564
1 7 50 765
2 4 72 75
10 10 88 884
10 5 41 122
7 6 13 251
4 5 821 958
6 5 192 369
3 2 711 963
5 6 1 532
10 10 19 565
3 9 335 454
6 6 249 610
7 8 600 981
7 7 154 246
9 8 424 518
3 2 527 619
7 10 721 749
10 3 242 528
9 2 139 863
6 3 131 131
6 1 63 109
6 8 434 707
7 1 52 332
10 7 77 279
10 1 331 356
2 7 477 800
6 7 685 824
8 10 215 900
1 9 22 53
10 5 368 864
4 6 596 859
8 3 14 91
4 6 826 910
7 2 39 887
7 4 512 877
2 9 366 445
10 1 255 796
2 4 505 514
9 10 110 637
9 10 379 533
9 5 366 988
3 2 488 702
2 3 178 263
10 7 303 392
7 5 233 579
7 6 721 916
4 1 420 848
5 9 379 872
1 2 494 736
1 1 406 855
3 8 76 573
8 6 856 972
5 5 125 665
5 9 420 449
8 8 228 749
7 4 73 168
10 1 51 415
3 8 412 638
1 5 635 781
9 9 195 803
5 9 489 575
2 8 497 955
9 9 34 985
3 4 566 691
9 6 116 843
5 7 56 599
6 9 104 594
2 4 788 845
1 3 120 620
6 5 67 312
9 7 249 314
1 10 148 248
2 7 174 312
2 10 298 593
2 8 492 542
1 2 304 888
7 3 138 431
6 7 639 648
1 6 284 603
10 4 558 612
5 1 853 919
6 9 331 658
2 8 312 975
6 5 39 971
7 8 304 486
4 10 462 541
9 4 66 998
9 10 331 480
8 10 691 881
6 6 273 934
6 5 197 699
8 10 656 791
5 4 50 778
6 5 414 496
1 9 428 850
8 3 311 657
6 3 147 602
6 6 161 286
10 7 21 841
3 9 178 331
2 10 357 470
5 8 441 526
5 5 536 969
7 8 116 658
5 7 466 956
8 2 153 413
5 1 39 795
9 3 167 529
7 1 409 938
4 2 351 577
2 3 687 913
3 7 415 673
9 2 314 582
3 4 497 643
6 8 208 970
9 10 795 890
4 9 112 860
3 1 182 777
7 5 264 413
2 7 360 589
2 2 260 704
7 1 66 630
7 2 303 912
9 1 184 693
5 8 399 998
6 10 56 893
4 6 83 179
10 2 645 935
2 9 169 663
2 3 49 667
2 4 696 753
1 6 323 765
1 5 248 328
6 5 102 333
7 4 903 934
1 10 929 997
2 7 755 906
10 4 337 525
5 10 537 798
6 3 643 978
4 7 34 146
3 4 755 987
10 10 469 667
2 1 305 578
1 3 205 894
6 4 80 976
9 8 157 431
2 4 648 854
10 8 235 829
1 5 76 773
10 10 452 860
10 9 581 718
2 2 46 164
5 9 193 903
6 6 466 866
10 7 70 332
8 3 98 636
9 2 91 360
10 8 312 621
3 10 855 887
5 10 65 944
1 9 295 513
4 2 719 930
10 8 156 324
4 10 484 535
3 6 213 214
8 5 319 504
7 6 381 583
4 10 321 680
10 8 311 582
2 8 899 904
10 1 23 826
4 1 100 231
1 10 286 325
8 7 210 547
10 6 6 894
8 2 411 464
3 1 362 488
8 9 54 260
1 7 724 849
7 10 131 199
10 2 162 927
10 1 544 920
9 2 188 556
7 4 497 772
2 6 357 697
5 5 821 993
3 6 1 900
10 7 153 250
10 7 34 796
3 3 10 311
5 2 127 976
3 8 275 502
7 7 219 381
1 7 276 987
8 6 672 894
9 2 384 732
6 7 19 40
3 2 342 384
5 6 203 333
9 4 32 909
7 8 277 796
4 10 32 701
7 1 264 995
8 1 272 486
2 8 417 996
10 2 670 826
6 4 460 864
3 7 617 641
8 5 274 664
1 4 261 522
9 1 720 826
1 10 300 734
2 6 352 671
9 3 586 814
7 2 88 843
2 3 274 901
8 8 420 797
8 9 421 738
1 2 832 956
8 2 57 309
9 1 533 899
7 1 304 619
3 6 683 858
6 7 81 781
10 3 127 152
6 9 165 391
1 8 169 593
10 1 118 550
9 2 522 685
4 8 466 810
7 10 647 875
5 2 29 176
5 5 872 877
1 6 522 635
1 2 584 610
4 4 671 826
6 3 558 936
10 7 139 176
2 4 199 298
10 10 496 710
9 1 322 646
3 7 673 890
7 6 186 348
10 10 946 958
5 3 55 244
8 9 676 704
8 9 468 736
9 1 242 949
2 1 784 915
9 8 510 816
9 7 62 117
2 10 809 847
4 1 628 811
6 10 860 912
9 3 293 877
2 3 104 729
8 6 503 918
1 8 611 643
2 2 199 213
7 3 436 964
7 9 838 917
4 1 701 803
1 4 244 326
10 4 194 866
3 4 590 976
7 5 63 740
10 7 886 954
9 3 103 707
1 1 152 652
10 4 388 622
7 10 332 737
9 7 567 721
8 7 101 184
8 6 186 194
5 6 52 898
6 7 115 393
4 1 118 679
7 5 796 876
8 5 294 453
3 2 309 736
6 1 182 197
2 9 924 958
5 9 9 175
1 6 491 509
7 3 630 799
10 2 37 326
10 9 27 608
7 8 229 422
7 1 446 994
3 1 168 222
9 2 82 851
4 2 148 200
5 5 417 930
7 9 217 689
1 7 6 786
4 7 621 684
9 7 581 591
8 8 55 879
8 8 382 693
1 2 836 892
1 9 46 875
2 9 137 174
5 5 570 581
6 8 48 416
4 8 713 822
8 9 340 928
3 1 154 756
3 10 821 986
5 4 400 997
3 2 13 756
5 10 560 576
3 1 97 671
3 6 69 371
9 10 559 766
3 4 94 356
1 4 576 621
1 2 617 967
5 1 229 498
4 1 223 365
2 6 138 672
3 4 462 755
9 8 126 334
9 3 675 760
9 3 84 921
3 7 659 744
8 1 566 948
4 10 235 601
3 6 244 424
8 6 290 391
2 1 213 371
2 3 566 680
1 7 243 970
6 5 170 321
4 8 617 633
3 7 123 803
10 3 309 458
10 10 265 334
10 5 794 926
5 2 318 973
1 7 837 994
1 2 698 817
4 8 222 714
1 6 375 412
9 2 263 363
1 2 715 978
3 4 7 607
9 9 201 426
1 1 561 952
5 6 252 998
6 1 220 605
4 3 355 784
3 2 352 527
8 10 424 441
9 8 220 509
6 8 39 760
8 8 758 878
10 9 41 918
5 7 356 468
7 5 101 481
6 1 261 384
1 1 342 397
7 3 288 959
8 6 295 470
5 10 221 843
5 2 217 947
4 9 134 190
5 7 189 782
4 8 781 910
6 9 218 908
2 3 89 914
8 3 377 597
8 1 645 664
2 9 213 282
10 10 641 796
2 5 592 987
10 6 33 82
10 6 148 171
9 7 616 700
10 8 27 799
1 5 206 932
9 1 483 590
1 6 253 669
8 4 261 906
9 10 856 963
4 9 220 810
2 1 60 398
6 5 194 478
9 2 817 920
9 9 805 934
7 4 227 337
2 2 923 986
1 9 617 882
6 4 138 322
2 5 247 406
9 8 538 977
2 5 389 620
2 9 133 917
8 2 275 753
8 1 97 606
10 5 501 769
2 5 383 843
1 3 415 430
7 1 30 345
2 5 458 583
10 1 328 889
4 8 100 899
8 7 678 717
9 1 766 963
3 2 684 746
7 7 395 999
9 2 217 245
6 6 24 617
5 4 454 481
7 8 479 569
9 8 512 810
10 1 400 492
1 8 564 797
1 3 357 789
5 10 529 639
4 7 248 324
10 3 198 885
5 2 19 747
9 5 23 908
7 3 41 455
4 5 8 483
5 5 630 971
3 10 636 970
10 4 557 986
4 2 488 543
9 7 432 961
8 6 595 637
7 2 56 174
2 9 466 851
9 3 83 961
6 2 299 539
1 5 20 967
5 6 659 670
2 3 152 505
1 4 883 996
10 9 38 694
2 9 246 430
5 6 78 798
4 3 333 548
8 2 296 456
3 1 778 936
6 7 18 451
5 6 87 626
2 3 162 201
1 7 409 794
2 4 522 767
6 9 86 849
7 9 685 952
4 9 219 656
1 10 66 628
2 2 343 720
2 9 411 489
5 1 166 314
7 3 261 326
8 6 88 600
6 4 176 291
5 6 150 371
10 10 124 792
10 4 370 837
8 5 625 979
10 1 339 633
8 1 186 912
4 4 498 514
5 2 104 843
9 10 732 747
7 3 222 449
7 8 572 574
9 3 380 778
6 3 351 585
1 10 803 994
1 9 108 622
4 1 764 967
5 9 25 267
2 7 117 794
2 6 76 916
5 8 181 548
2 9 458 511
8 4 194 723
1 5 132 719
8 2 326 407
10 9 250 277
10 8 6 606
7 9 83 102
4 6 209 995
4 3 101 438
2 3 12 95
4 5 661 978
2 10 50 460
5 10 744 890
5 1 905 957
10 8 624 652
7 9 170 950
4 8 125 253
5 8 163 569
6 9 309 465
2 1 210 439
3 7 251 760
9 5 688 853
2 1 343 732
6 9 167 567
5 8 228 325
3 8 169 715
6 6 217 671
10 7 903 942
1 2 458 625
9 2 450 726
7 3 7 798
7 8 365 423
8 7 126 185
9 1 57 470
9 3 584 981
7 1 389 428
10 5 390 997
5 3 249 999
8 4 688 721
3 2 488 955
9 3 13 767
10 10 73 351
3 6 148 193
3 10 160 542
6 8 14 466
6 10 666 827
5 10 360 424
6 5 266 545
2 4 111 536
8 9 137 612
4 9 294 482
8 6 37 88
5 7 170 171
4 1 227 300
4 3 270 276
6 10 534 957
10 2 351 362
1 2 89 543
4 2 42 195
7 2 108 248
10 8 557 876
7 10 374 848
10 9 572 923
4 1 690 811
7 7 813 989
2 3 653 731
2 9 192 997
10 6 243 681
7 9 18 81
10 3 725 909
5 9 665 950
5 10 634 709
1 5 96 522
9 9 176 628
5 5 590 619
7 4 262 511
4 7 352 893
7 6 676 862
10 9 281 864
9 1 19 920
4 7 293 364
6 8 386 491
9 6 4 355
5 2 337 766
6 6 436 681
6 6 397 963
7 6 281 694
8 8 132 795
1 3 104 422
1 9 12 63
10 2 130 294
3 10 7 986
7 6 229 991
4 7 447 636
4 3 488 992
7 7 436 465
3 8 110 749
9 3 345 637
2 8 163 441
5 2 25 524
8 9 80 235
6 10 464 802
8 4 21 197
8 4 177 993
1 5 332 371
9 2 613 896
10 10 719 867
5 2 237 285
5 5 788 947
10 8 72 959
9 7 503 969
5 7 589 645
2 2 144 913
7 1 381 765
6 2 294 645
7 2 522 861
10 8 454 462
6 1 46 561
7 2 686 788
2 10 93 444
3 5 264 379
5 7 328 612
10 2 342 986
5 5 638 920
8 8 748 882
8 3 407 615
9 7 96 541
2 2 135 347
2 7 484 647
3 5 680 906
5 1 278 410
2 5 21 935
5 3 393 982
8 3 559 616
9 5 343 989
3 7 22 166
7 1 611 998
6 4 709 792
4 7 452 902
3 1 445 464
7 5 181 491
1 2 220 476
1 7 68 346
5 9 62 664
6 9 127 833
9 8 329 957
7 4 681 718
6 10 330 595
5 1 937 983
8 6 611 617
10 1 121 802
7 8 645 940
2 6 480 925
4 4 241 785
2 9 383 912
1 3 186 589
9 1 553 685
7 10 46 719
4 2 486 596
10 8 806 935
1 6 47 913
7 10 588 872
7 10 298 560
7 7 488 922
1 4 261 437
10 8 556 767
8 8 118 718
6 4 315 343
4 9 599 691
10 8 375 972
10 1 457 934
2 4 261 704
2 7 920 943
3 2 257 846
8 9 363 719
5 1 59 853
6 9 830 950
3 8 549 777
1 10 253 363
6 9 239 522
3 1 181 293
7 8 547 708
2 5 70 131
8 7 615 719
2 2 233 763
5 2 427 636
10 1 399 877
2 3 383 527
6 5 340 583
3 4 219 897
5 10 716 976
9 3 480 999
6 4 260 271
5 8 289 580
3 5 387 839
2 4 497 907
5 1 541 622
3 6 118 391
5 9 144 698
6 7 453 858
10 4 465 857
7 10 51 724
6 9 242 874
6 1 468 951
10 6 554 937
5 2 661 783
9 4 408 483
4 7 472 584
4 2 21 73
1 6 562 971
3 7 549 923
1 4 930 993
5 3 466 528
3 9 457 959
7 6 197 994
5 9 418 632
2 9 599 931
8 9 416 898
9 10 6 840
4 5 15 213
2 2 318 320
8 3 53 748
5 4 656 997
5 7 494 928
8 8 92 329
10 5 530 776
1 6 203 469
3 9 32 174
7 10 711 939
2 3 373 856
2 6 139 395
1 3 169 544
10 3 439 679
9 1 315 733
5 9 807 830
6 2 38 802
10 9 189 248
5 4 353 703
10 4 34 153
3 7 222 432
10 4 264 822
8 8 434 969
9 7 249 363
5 9 104 267
1 7 192 632
2 2 281 462
3 6 709 828
8 2 494 734
2 3 600 750
9 2 862 948
6 8 128 527
6 10 196 795
8 3 561 631
6 9 408 675
2 2 77 695
8 6 346 721
9 4 214 830
5 3 733 769
6 6 205 872
8 6 463 845
10 9 621 650
9 2 217 531
9 3 361 431
9 2 361 698
8 4 410 615
10 8 132 300
5 4 131 474
2 7 29 157
8 10 20 258
5 4 79 514
4 2 287 329
4 1 246 493
8 9 108 528
6 6 136 526
2 2 591 793
6 7 84 821
2 8 413 503
7 3 103 629
4 5 365 757
3 3 433 932
7 2 5 402
10 3 66 447
5 7 289 829
4 2 380 549
2 10 768 1000
9 8 12 983
2 7 326 673
4 2 441 774
1 7 573 709
4 8 33 760
4 8 388 699
5 6 646 868
1 10 829 845
9 1 10 782
10 8 147 277
10 3 646 731
1 3 328 898
4 1 551 870
2 3 329 801
9 2 105 386
9 8 472 493
7 6 584 809
8 6 214 613
1 9 381 424
5 6 310 547
1 4 201 911
5 2 88 113
6 3 445 808
8 10 591 719
10 5 324 858
6 3 515 542
9 2 8 250
3 10 295 984
5 9 441 781
4 7 84 727
1 5 51 790
10 2 107 602
3 10 104 394
10 1 189 725
5 1 398 426
2 6 372 640
8 2 30 571
9 2 238 577
2 7 315 698
6 3 497 778
4 5 416 746
9 7 123 259
10 6 254 448
5 4 311 753
1 7 384 897
2 2 168 926
5 7 624 858
9 8 6 834
5 2 364 586
8 1 206 495
10 7 480 870
2 3 591 804
3 9 530 716
6 1 2 941
1 9 699 980
1 1 760 966
6 2 139 149
7 6 13 745
3 2 665 973
2 6 8 373
6 8 672 760
1 1 471 678
1 1 550 904
8 5 51 613
1 5 689 933
2 7 338 592
6 5 104 823
6 5 353 764
4 1 92 635
9 10 142 767
10 1 708 898
2 2 87 563
7 8 23 563
4 6 706 840
9 4 18 743
5 5 353 836
7 9 158 349
7 8 24 119
1 1 464 495
4 8 38 517
3 6 308 918
1 7 152 196
8 8 156 479
1 1 68 528
7 8 71 492
4 9 557 936
9 2 89 358
1 9 266 474
5 7 470 608
1 10 412 693
5 5 71 697
5 6 244 812
8 10 129 512
5 9 2 12
5 8 391 643
9 5 72 209
3 1 600 801
3 3 17 680
7 10 182 839
1 1 62 415
2 5 80 355
7 10 499 981
6 2 760 797
8 7 718 730
2 7 579 749
10 1 618 642
6 4 238 580
9 4 728 751
4 3 304 595
9 4 461 466
5 7 214 667
8 3 511 709
3 6 482 537
1 3 135 282
6 3 426 502
2 2 690 720
7 3 224 871
6 8 800 928
8 3 887 935
1 8 51 949
5 4 193 395
4 1 33 409
4 7 330 814
4 5 557 934
4 5 179 933
7 2 251 266
9 6 84 992
4 9 103 339
6 6 794 1000
1 2 239 551
5 8 115 789
9 1 762 976
