20 20 20 163288 359127 306038 796524 614995 510769 45875 101152 78522 781504 846926 389117 129572 680200 86250 402212 921154 860293 504125 678050 
602467 634708 79765 
434279 672770 937041 
737932 49029 336622 
498423 999228 723541 
538348 460697 463046 
542602 52351 727982 
482762 791727 588711 
65490 732856 117532 
855189 214481 321290 
932974 695790 883851 
599032 739905 320504 
222740 501155 364492 
177046 874569 15636 
706955 612279 223307 
483181 881675 488446 
23980 788220 187801 
746970 769241 957620 
383956 674394 976186 
508980 270173 62976 
885960 730382 67634 
