38
100 24190 5702436
424 59
332 62
379 66
297 1
386 34
360 59
256 21
329 79
468 49
312 61
360 83
421 8
411 50
256 2
370 32
453 10
451 74
386 9
290 36
332 38
409 97
415 29
255 33
298 14
298 34
303 38
474 22
424 70
310 65
378 84
369 39
266 45
273 69
292 100
355 14
453 37
309 51
383 91
415 65
370 20
466 48
333 54
397 84
436 37
381 93
422 20
275 14
382 50
410 72
378 52
290 5
375 93
440 45
346 59
474 29
468 62
360 43
306 16
337 96
390 93
382 86
325 78
255 57
387 64
465 33
441 75
351 42
355 86
295 7
257 82
365 51
267 45
303 32
293 16
461 66
389 23
378 28
356 9
257 71
426 68
440 88
351 58
311 46
395 79
243 46
316 77
402 75
331 35
295 60
475 47
294 61
245 92
379 91
401 9
320 77
407 97
268 32
379 45
430 62
262 7
46 13018 5614499
542 14
296 14
536 76
319 7
303 35
344 89
541 47
438 47
459 16
394 1
300 94
423 20
427 14
366 88
472 31
289 59
302 92
383 8
318 24
382 70
513 81
314 87
398 27
311 83
514 85
300 97
549 35
333 87
458 87
424 28
334 0
487 94
293 84
546 95
559 50
318 90
338 31
371 52
344 86
470 39
533 55
544 33
306 76
534 78
557 25
351 78
86 18916 4085024
435 72
241 79
256 19
308 12
310 20
309 50
309 55
325 74
314 52
344 89
307 7
363 44
252 91
327 16
339 54
385 15
432 89
240 11
241 81
308 77
429 86
304 35
325 55
231 34
349 32
361 8
421 62
262 29
325 98
251 65
324 97
403 26
230 76
228 54
319 25
302 78
372 92
253 92
272 66
272 25
400 24
322 93
328 8
363 93
291 72
408 82
388 85
276 89
328 59
392 14
339 18
409 64
271 69
403 9
226 30
290 69
381 57
401 68
234 31
344 71
392 100
283 29
362 8
352 9
400 56
384 89
358 45
373 36
419 87
351 8
366 90
237 89
335 81
246 41
288 66
243 11
269 37
395 100
257 35
259 39
377 20
403 65
392 49
344 33
377 7
241 34
59 7981 4850884
188 75
150 89
244 92
207 83
234 75
159 14
188 93
245 84
136 35
238 96
142 44
266 67
252 29
267 40
200 34
179 0
176 54
162 91
209 64
194 36
147 72
267 12
258 60
193 46
167 24
169 75
199 47
195 59
171 83
186 39
242 66
149 94
189 72
185 81
199 77
255 67
253 45
171 97
161 6
253 32
203 63
233 84
145 41
234 96
160 65
236 37
178 26
191 96
182 62
147 11
212 84
265 49
214 13
267 98
190 77
168 6
244 4
244 11
189 26
20 51726 1553272
2743 19
4885 29
4306 97
4774 62
2610 25
4874 90
3109 46
3735 54
5035 10
3355 1
3827 24
4815 38
4087 14
3341 55
4432 35
5031 98
4978 44
4135 63
4072 65
4874 82
70 47809 7096106
946 17
1281 78
1131 100
1085 20
1112 46
1330 20
1303 83
708 64
692 62
1255 53
913 63
696 31
1087 0
1130 15
800 98
778 2
1273 81
945 61
880 81
724 73
1030 30
1291 14
1001 84
696 67
901 46
843 46
1183 24
711 6
718 39
1139 43
867 94
980 21
1091 43
768 58
1268 72
1225 38
1096 13
977 75
737 87
990 86
1008 0
753 56
821 36
1000 81
1182 5
793 84
1152 25
801 78
684 43
950 72
923 85
1312 10
875 30
916 64
1271 47
1216 24
1054 46
817 18
1361 89
842 86
709 53
766 21
982 16
1193 78
991 49
770 98
1221 16
957 34
939 75
965 68
28 47245 9914979
2101 86
3342 27
3242 7
2754 96
2260 36
2129 9
2565 19
2546 18
2416 50
2399 84
3029 92
3228 38
1888 52
3069 7
2904 34
2626 93
2512 70
1815 95
3012 5
2279 17
2880 81
2621 7
2996 40
1729 71
2386 68
2744 16
2585 4
2723 88
92 32539 6335153
600 42
471 97
690 21
485 11
377 99
631 4
656 98
528 42
706 13
527 86
491 28
402 15
615 31
472 57
435 4
546 10
666 76
590 53
651 6
696 11
568 19
576 90
512 29
484 30
359 53
535 90
399 20
658 82
670 99
574 13
669 35
373 96
428 60
583 37
515 30
372 60
525 85
583 19
585 84
413 98
664 14
618 54
687 52
611 1
528 28
402 91
438 86
574 62
497 12
469 51
546 69
623 90
435 1
582 16
551 73
521 68
649 27
557 82
605 23
659 17
610 43
583 2
421 97
380 84
614 85
662 100
464 27
403 94
362 69
694 49
511 18
475 47
453 22
428 72
609 91
432 32
428 98
568 75
639 25
485 99
399 62
573 84
557 12
399 16
589 40
614 49
519 92
592 69
588 91
528 48
372 73
449 65
10 22502 7226803
2449 37
2604 82
4494 86
2838 81
2484 79
4427 59
4069 54
2339 4
4363 8
4087 75
62 77072 6108842
1937 88
1588 76
2162 63
2309 16
2025 7
2284 38
2169 37
1412 62
1702 17
1368 52
2152 20
1465 76
2324 18
2093 38
1719 37
2027 53
2443 62
1819 27
2183 79
1403 53
1984 19
1731 63
1852 8
1397 52
2279 98
2420 39
1648 84
2123 16
1771 64
1923 13
2042 100
1793 66
1691 24
2149 92
1896 93
1613 72
1832 11
1682 65
2260 94
1868 42
1947 42
2076 11
2201 61
1903 88
2214 89
1316 68
2222 28
1544 47
2265 60
2016 100
1529 75
1855 58
2273 0
2353 13
1975 37
1682 81
1893 5
2065 0
2146 97
1647 66
1370 18
2203 56
41 10065 714744
377 6
470 3
298 93
449 10
283 59
381 37
415 96
331 5
441 7
257 48
248 50
310 13
357 17
308 100
435 66
479 26
372 83
316 91
269 89
285 78
256 80
300 35
367 93
468 16
267 31
450 30
442 100
351 32
462 51
345 46
253 55
448 58
299 60
346 83
324 84
352 49
343 58
392 13
293 39
439 30
255 50
68 5427 4297184
93 92
83 18
133 24
153 57
144 58
100 88
142 65
129 31
115 37
147 63
134 28
89 64
157 24
109 11
145 53
126 9
132 98
119 3
152 68
109 48
81 49
127 48
127 93
117 1
137 36
136 2
141 95
98 74
142 82
95 35
153 57
152 32
114 84
102 47
148 99
115 84
82 26
96 71
148 26
124 29
149 23
125 78
104 100
80 83
132 29
95 62
149 9
116 93
88 98
101 82
103 39
122 48
85 83
100 70
142 26
133 36
110 12
115 18
95 22
117 31
128 89
93 12
142 16
156 17
115 31
134 13
124 59
141 45
38 40826 2663754
1688 5
1278 85
2101 69
1894 50
1522 89
1272 99
2079 8
1998 39
1181 4
1382 29
2033 50
1283 1
1284 47
1201 67
1136 89
1519 70
1970 90
1597 12
1110 74
2130 69
1882 80
1513 44
1931 90
1866 77
2055 31
1389 21
1459 6
1145 79
1663 37
1490 83
1300 71
1485 46
1644 15
2021 0
1797 47
1313 95
2055 28
1570 71
33 48969 6198474
2384 17
2899 86
2011 3
2067 36
1600 93
2521 8
2724 34
2704 93
2088 44
2458 20
2133 48
2075 15
2707 30
1846 39
2719 5
2595 15
2651 76
2712 72
2711 65
2183 37
2275 76
1514 44
1652 52
1985 24
1990 9
2050 86
1710 85
2572 58
2303 52
2842 89
2469 52
2736 39
2354 41
72 81627 4522927
2019 10
1235 36
1146 67
2051 60
1518 83
1601 0
1822 100
1772 12
1845 42
1510 37
2059 88
2146 2
1911 83
1981 70
1416 87
1644 19
1993 0
1666 52
1407 41
1954 30
1654 64
1978 26
1625 11
2100 15
1306 22
1941 12
2013 19
2056 33
2211 48
2050 60
1896 74
1200 93
1184 52
1701 74
1394 94
2012 62
1248 59
2007 29
1701 21
1645 40
1927 65
2042 54
1342 16
1345 19
1650 6
1455 42
1933 69
1202 12
1984 75
1843 25
1937 34
1690 68
1302 65
1270 86
2108 75
2043 19
2141 27
1872 32
1715 81
1723 94
1745 22
2038 10
2048 92
1560 87
1312 57
1279 8
2110 84
2064 63
1555 90
1615 57
1211 25
1471 71
47 4923 8051610
134 7
148 11
124 21
147 11
149 35
107 51
126 29
189 79
205 95
166 48
159 49
134 9
203 62
133 70
166 15
166 74
141 16
170 13
167 15
119 91
159 3
169 20
185 34
148 53
200 17
107 24
200 67
122 67
169 18
198 91
183 32
190 60
204 5
154 16
129 58
179 28
176 12
206 59
158 59
125 38
165 34
142 64
156 58
123 40
153 48
183 59
130 97
90 29021 6314982
626 21
566 68
519 57
556 8
346 99
480 15
465 53
572 59
496 78
491 94
400 93
377 41
532 22
454 45
425 92
506 0
576 73
495 0
436 12
477 34
580 98
490 87
601 29
602 4
338 7
505 85
463 34
573 100
611 87
418 72
605 100
414 51
469 45
324 98
561 71
587 9
572 51
520 12
494 88
596 12
564 11
586 88
402 5
346 14
608 61
512 49
468 4
592 7
339 58
492 71
332 19
618 24
594 41
323 71
558 15
439 73
581 78
360 16
623 67
339 98
512 32
410 7
635 6
589 46
394 22
470 85
363 62
528 14
597 94
580 51
435 98
551 52
510 79
360 13
469 80
560 63
468 35
535 93
416 95
633 34
597 24
347 88
461 14
405 73
468 68
398 78
370 32
488 85
330 37
423 55
57 10651 8792221
355 3
346 12
291 6
233 59
224 11
245 27
366 39
372 60
286 7
326 86
348 60
246 23
265 61
348 77
217 80
317 18
350 67
209 61
256 29
295 38
246 64
288 43
211 30
364 41
341 86
193 45
193 62
327 10
318 29
368 70
239 23
200 0
300 34
284 59
277 22
191 41
285 19
195 3
261 13
223 53
327 1
232 71
240 85
360 8
335 55
324 65
187 58
279 20
337 35
328 35
204 31
287 83
332 48
257 1
351 30
277 80
361 7
15 32647 8000834
3995 96
2831 76
3686 74
2983 21
2368 91
4163 37
2401 38
3446 43
2475 44
3504 28
2177 34
4315 8
3264 11
3214 11
2772 19
53 87493 1723297
2947 15
3200 88
1818 66
3039 11
1933 70
2154 10
2043 95
2688 23
3012 2
2209 15
2911 12
3117 20
2688 62
2447 58
1709 13
1679 78
3109 22
2405 92
2868 66
2263 43
3203 19
1883 91
1700 27
2098 25
2906 76
1728 87
2970 3
2833 73
2446 35
2267 46
1726 31
3269 57
2946 38
2481 80
3072 63
2491 81
2723 96
3009 27
1987 10
2332 30
1871 83
3194 48
1917 44
3208 40
2438 13
2812 72
2931 55
1789 77
2835 41
2867 50
2785 10
2435 60
2981 1
5 44610 9100839
17511 42
17574 50
14653 72
8949 72
17531 61
14 18837 1823771
1570 93
1719 16
1902 2
2361 55
2394 28
2294 83
2327 72
2171 6
1806 59
2451 93
2427 4
2521 46
2000 90
2267 84
93 67011 8522658
749 72
1014 5
947 1
1090 7
951 11
1287 55
1433 99
932 44
726 16
1383 63
1164 75
1353 91
1217 90
1076 53
1342 24
1162 21
886 54
998 73
796 86
1042 57
1183 8
1017 81
1403 3
1431 35
758 79
1040 8
1170 43
1104 90
1240 27
838 76
823 29
1290 55
767 98
1050 2
935 14
1354 73
1133 65
1203 94
1142 71
1409 75
1005 20
946 100
1422 63
1401 61
974 41
1112 17
1328 79
785 49
1189 53
763 10
1015 41
1242 56
961 58
1310 0
982 51
1383 50
873 61
1017 27
1397 89
1329 21
1080 17
1274 45
735 54
1248 39
834 76
877 10
796 15
950 8
1349 3
1280 77
1231 22
1109 63
1243 60
1076 79
1300 0
818 44
1011 42
815 1
1280 6
1428 15
1319 98
1159 96
1222 74
1178 93
743 12
901 8
1085 47
1007 9
1367 49
1341 58
950 2
1400 7
1298 21
87 81964 5502364
1775 75
1855 27
944 27
1702 64
963 99
1345 72
1281 93
1790 63
1429 51
1536 41
1509 43
1549 52
1088 42
1097 17
1864 47
1040 12
1327 33
1112 98
1345 77
1780 18
1475 54
1276 76
1003 15
1048 10
1860 86
1606 98
1313 40
1107 62
1509 78
1810 42
1602 68
1278 49
1719 54
1820 70
1388 96
1572 17
1315 43
1257 33
1812 53
963 90
1246 69
1186 24
1089 58
1852 72
1030 89
946 36
964 44
1344 47
1427 29
1474 100
991 69
1078 49
1318 22
1731 57
1285 17
1215 54
1147 13
1030 0
1662 30
991 38
1341 42
1563 87
1228 91
1807 33
1316 95
1414 5
992 27
998 93
1606 72
992 0
1140 53
1012 10
1861 69
1053 19
1532 89
1585 9
1273 31
948 25
1424 12
1277 79
1826 5
1282 64
1779 100
1447 65
1080 12
1259 91
1235 84
71 58900 2976434
1631 8
1315 58
1618 2
1642 47
997 11
933 3
1039 18
958 98
1391 100
1123 77
1026 30
1555 25
1207 33
1476 5
960 45
1467 60
1313 16
1247 44
1261 63
893 37
1547 87
948 12
1113 86
855 79
1161 25
973 8
1046 0
1106 63
1414 65
1158 6
830 61
1232 91
903 40
1340 62
1505 90
1504 22
1174 81
1537 30
1058 54
1206 95
851 46
1175 53
974 67
865 93
1357 36
1359 81
992 84
1165 27
1273 91
1150 7
1624 95
1396 73
1311 99
879 95
1127 8
839 26
1523 1
948 37
932 90
1169 52
1600 70
1134 68
1066 15
869 50
1048 96
1494 40
1090 58
1412 49
1544 15
1370 47
862 40
97 2800 3259777
45 92
45 14
50 18
30 41
47 38
38 36
32 98
46 89
37 34
49 85
53 22
55 86
34 58
30 11
40 14
46 74
42 21
30 95
56 6
45 9
50 56
31 53
37 88
49 76
30 21
54 89
51 92
31 12
41 10
49 83
30 52
44 16
41 58
46 50
56 62
42 14
42 38
50 50
38 38
53 88
43 86
46 95
39 10
38 25
47 97
38 30
54 9
43 11
43 41
32 51
43 58
50 43
44 98
44 55
55 50
45 74
29 24
49 24
50 23
37 41
42 70
34 67
32 100
36 80
46 9
41 51
47 59
56 42
40 59
49 33
44 60
37 84
52 37
48 13
54 89
50 27
40 38
54 73
48 79
51 61
41 76
48 58
34 24
56 40
29 3
50 52
55 56
43 84
56 46
35 95
42 57
55 43
41 69
29 72
31 31
37 12
34 90
84 23056 4721285
447 76
435 10
442 13
419 96
489 16
326 66
525 27
465 69
380 43
425 47
545 23
472 99
324 57
464 32
361 59
408 68
475 9
404 3
491 82
518 56
460 14
342 51
296 6
448 13
278 61
465 38
356 81
299 52
307 77
462 22
349 87
546 41
373 47
530 77
318 14
285 47
433 72
377 78
513 7
545 45
505 33
517 25
431 100
484 62
403 78
318 49
276 31
334 99
299 23
294 27
372 54
426 93
366 96
286 45
307 71
290 37
391 2
387 71
307 59
360 61
392 6
398 56
310 85
283 76
493 70
314 27
333 0
356 24
467 57
440 60
398 38
289 94
307 7
357 55
479 1
322 22
407 38
362 88
284 5
356 14
504 46
509 78
426 19
315 65
22 88636 1123120
6543 20
5323 85
6988 46
4883 6
6542 62
4466 14
4806 50
6233 74
6681 19
6727 74
5829 39
7706 53
7528 40
5270 90
7467 37
6147 96
6122 1
4494 3
4494 87
4842 6
7649 4
5517 61
76 83456 2751307
2019 30
1780 98
2138 64
1326 32
1147 66
1243 93
1356 66
2069 66
1601 46
2161 25
2171 54
1108 90
2037 99
1752 65
2156 47
1475 26
1146 62
1181 73
2130 58
1458 80
2155 32
1440 2
2157 86
1616 35
1185 64
1251 6
1597 64
1818 10
2193 23
2036 21
1994 66
1959 32
1818 82
1756 92
2097 20
1680 95
2181 9
1902 29
1862 87
1869 25
2107 53
1912 54
1376 91
1431 26
1722 61
1337 57
1567 1
2047 66
1823 27
2107 33
1314 50
1897 98
1217 71
1907 53
2127 15
1819 97
2090 35
2119 56
1446 22
1252 81
1259 87
2124 9
1798 75
1222 71
1653 32
2136 16
1704 54
1926 30
1763 21
1506 51
1806 30
1283 9
1401 9
2186 65
1694 33
2009 63
81 32419 1243282
432 85
724 95
752 1
561 64
685 87
648 51
782 23
443 81
579 20
777 76
791 58
526 63
776 5
459 44
707 54
466 11
426 23
662 62
757 88
722 71
560 15
571 83
540 33
446 45
793 25
455 89
603 43
656 86
486 46
506 82
624 2
780 93
499 33
683 1
737 4
452 81
574 85
684 13
487 5
777 28
653 20
547 39
774 19
551 13
445 0
462 29
473 89
448 86
759 76
680 65
446 49
677 70
772 76
577 58
479 37
446 79
749 14
755 25
549 11
792 18
630 19
482 8
616 47
778 59
579 9
696 54
464 93
763 97
795 91
585 67
703 46
667 25
720 50
764 51
516 35
586 90
658 87
592 75
587 99
528 98
642 4
49 14605 5868091
340 64
356 100
324 13
570 8
370 25
344 0
374 23
467 4
488 5
595 70
311 46
441 72
304 26
496 71
354 2
590 15
577 97
523 34
369 14
445 21
449 25
404 41
552 51
444 94
580 19
566 65
508 9
414 41
488 95
507 36
531 78
590 11
501 21
395 2
409 14
572 68
379 7
431 98
529 18
572 7
316 4
359 16
478 15
451 16
540 48
511 100
594 93
577 45
369 37
90 11918 7700559
226 9
136 23
144 86
178 80
196 53
135 94
264 22
146 64
226 4
157 17
229 89
189 39
186 0
188 57
167 73
148 45
164 84
168 13
153 98
177 41
230 8
167 11
205 0
175 66
151 85
219 37
237 3
248 59
213 6
212 82
153 40
221 14
239 79
173 17
203 10
162 41
237 5
192 100
166 60
223 29
168 25
185 16
147 43
177 67
163 54
244 11
224 4
193 61
169 42
145 58
158 41
174 57
213 93
183 84
196 55
228 42
185 58
143 75
227 52
252 7
140 41
180 8
198 24
151 70
141 53
246 77
178 39
166 82
229 44
259 58
159 14
135 10
208 32
222 24
237 72
152 30
166 44
209 75
191 90
256 11
239 66
219 83
252 57
198 4
218 32
164 69
145 39
200 40
263 81
227 49
20 51874 2965346
3790 41
2709 5
3611 62
3669 4
3805 35
3685 32
4864 50
4632 78
4242 22
2986 7
4726 37
2819 46
4717 74
3513 52
3546 89
3372 28
4775 50
2676 65
4861 45
3840 20
99 34186 6025165
464 77
373 86
482 95
655 26
531 56
499 62
640 21
574 5
439 49
422 62
403 75
383 86
438 47
379 88
625 52
586 37
651 32
487 98
643 18
358 44
503 61
653 54
607 38
522 55
365 98
417 56
487 46
538 90
615 12
527 82
438 29
683 82
613 51
468 28
545 96
516 34
448 13
456 2
499 43
667 94
448 15
556 38
516 32
352 99
473 97
596 2
496 41
550 45
367 23
403 83
561 23
595 0
658 66
369 85
516 98
394 36
459 16
400 86
684 3
640 68
636 26
390 67
678 44
346 65
410 56
466 92
636 23
680 65
454 30
558 74
688 11
543 78
423 2
525 75
531 95
468 5
613 88
666 87
647 51
510 24
633 35
512 64
545 28
539 64
414 66
515 28
416 13
418 83
647 28
544 96
534 28
515 21
592 34
349 88
532 64
353 1
497 26
452 50
444 35
43 84573 2208549
3425 67
2774 34
2364 38
2656 32
3401 33
3442 39
3666 41
3008 81
2971 78
1972 93
3213 75
2578 88
3496 10
3545 91
2609 94
2699 23
3668 73
3090 40
3738 6
2798 31
2549 43
2112 53
2407 86
2604 29
2867 26
3794 29
2589 47
2853 88
3141 0
2122 38
3146 26
3607 30
2255 67
3777 54
2476 100
2137 4
3670 39
3484 45
2962 28
2833 77
2362 94
3137 8
2629 30
60 11014 4468443
342 29
341 93
198 19
212 91
265 100
240 83
347 72
359 93
245 30
266 27
307 60
278 81
242 27
365 86
285 11
196 61
214 34
363 50
205 92
298 94
231 7
316 40
286 18
318 98
353 88
319 14
257 93
347 88
311 95
316 58
205 11
296 34
307 78
224 91
286 62
325 58
215 95
220 47
234 74
350 21
348 56
225 83
321 64
276 85
233 42
208 47
319 65
243 100
313 64
305 80
225 44
267 61
274 33
224 33
262 10
335 34
277 3
202 39
189 13
212 1
96 64100 6317286
1042 88
924 40
1060 14
1319 20
993 69
1160 19
750 87
1110 94
885 65
1202 38
812 29
1017 16
1113 48
1070 71
928 56
948 27
1014 96
784 73
969 4
760 47
1035 66
1223 75
1172 35
989 60
863 78
1033 89
1192 72
1079 75
1306 88
736 45
973 2
1071 73
827 48
822 68
962 64
704 26
942 84
864 91
721 45
738 6
1169 60
1036 35
709 46
732 53
1024 36
749 80
1037 80
711 16
899 27
986 54
687 52
1129 65
754 64
1070 33
1039 32
945 80
1025 69
765 85
1243 26
1027 44
917 73
1242 80
1153 34
1288 5
1001 69
798 84
753 72
1008 55
761 59
1260 100
1025 52
1204 44
1257 91
1146 10
883 16
807 14
1115 33
1165 30
1310 67
686 78
856 69
1133 26
845 3
1214 76
1300 90
910 39
852 100
1096 61
925 54
1265 67
928 3
924 59
725 29
752 74
801 66
766 18
52 70573 8253041
2151 74
1653 43
1596 35
2671 55
1893 50
1442 22
1699 26
2154 41
1923 59
1472 0
1793 11
2278 63
1464 7
1533 63
1381 59
2424 84
2662 94
2077 62
1410 83
1792 25
2424 100
1829 42
1509 95
2523 44
2280 68
2051 81
2611 9
1927 16
1390 28
2686 81
1622 63
2689 53
1423 69
1677 21
1445 32
1472 5
1504 0
2381 25
2548 39
1970 22
2387 10
1658 70
2451 95
1603 54
1511 81
1891 7
1512 88
2200 27
2048 7
2559 83
1980 28
1919 3
