1
5522 16000 6056726
3 33
4 49
4 80
3 74
3 100
3 60
3 22
3 18
4 24
4 94
4 70
4 0
3 75
4 51
4 89
4 31
3 88
4 66
4 83
3 53
4 5
3 32
4 26
4 29
4 79
3 20
3 9
4 70
3 27
3 58
4 15
3 13
4 62
3 75
3 63
4 89
3 11
3 5
3 57
4 33
4 92
4 71
4 71
3 61
4 40
3 64
3 74
4 94
3 68
4 38
4 9
3 7
3 7
3 97
3 15
3 56
3 12
3 70
3 17
4 76
3 81
4 11
3 15
3 68
4 85
3 68
3 25
4 69
3 62
3 36
4 39
4 48
4 94
4 64
3 68
3 79
3 2
4 80
3 63
3 68
4 3
4 23
4 80
3 22
3 51
3 26
4 51
3 42
3 28
4 100
3 31
4 13
4 98
4 79
4 69
4 33
3 21
3 10
4 4
4 93
4 60
3 65
3 19
3 8
3 80
4 77
3 66
4 98
4 3
3 11
3 28
3 85
3 55
3 94
3 71
3 53
4 6
3 7
4 76
4 95
4 43
4 73
3 83
4 45
4 92
3 91
3 97
3 63
4 53
4 35
4 47
3 59
4 76
4 75
4 11
4 17
4 71
4 49
4 75
4 46
3 95
3 35
4 59
4 51
4 4
4 72
3 55
4 73
3 48
4 45
4 52
3 20
4 24
4 20
4 24
3 66
3 4
4 92
3 33
4 55
4 90
3 83
3 97
4 62
3 18
4 15
3 17
3 45
3 7
3 85
3 64
4 47
4 61
4 86
4 59
3 96
4 86
3 67
3 68
3 72
4 48
4 9
3 58
4 25
3 69
4 85
3 6
3 56
3 5
4 49
4 70
3 11
4 56
4 43
3 75
3 14
4 60
3 45
3 84
4 28
4 78
4 100
3 31
3 61
4 91
3 67
4 71
4 73
3 99
4 73
3 98
3 80
3 87
4 94
4 70
3 66
3 42
4 73
3 93
3 82
3 12
4 2
3 71
4 84
3 33
4 18
4 83
4 82
4 73
4 65
4 32
4 53
3 80
4 72
3 44
4 31
3 72
4 41
4 46
4 49
4 59
3 37
3 6
4 0
4 52
4 78
3 65
3 79
4 54
3 89
4 89
3 34
4 18
4 91
4 27
4 26
3 43
3 65
3 77
3 49
4 34
3 27
4 81
4 57
4 68
4 76
3 55
4 86
3 93
3 83
3 85
4 32
4 36
4 74
3 72
4 66
3 70
4 78
3 29
3 8
3 42
4 61
4 18
3 69
3 26
4 63
4 34
3 40
4 60
3 43
3 26
4 70
4 4
3 45
3 2
3 66
3 54
3 19
3 74
3 35
4 65
3 95
4 77
3 38
3 48
4 24
3 62
3 19
4 17
3 54
4 84
3 24
3 64
3 45
3 95
3 69
4 100
4 89
3 47
3 56
4 23
4 63
3 55
4 85
3 4
3 87
4 20
3 57
3 13
4 61
3 88
4 10
4 90
3 89
4 36
3 56
4 7
3 9
4 74
3 60
4 41
3 1
3 98
3 77
3 59
3 44
4 95
4 5
3 90
3 90
3 87
3 74
4 99
4 35
3 10
3 8
4 36
3 83
4 89
4 73
3 38
3 53
4 43
4 67
3 94
3 60
4 2
3 31
4 100
3 30
4 14
3 69
4 6
4 33
4 84
4 82
3 45
3 4
3 36
3 36
4 60
3 63
3 2
3 30
3 81
3 18
3 46
4 22
4 20
4 42
3 23
3 34
4 43
3 55
4 76
4 34
3 32
4 100
3 46
3 8
3 47
4 94
3 23
4 61
3 32
4 63
4 41
4 77
3 99
3 69
4 36
4 8
4 99
3 5
4 56
4 70
3 82
4 26
4 58
3 36
4 63
4 30
3 16
4 55
3 26
3 21
3 40
3 66
3 92
3 22
3 98
3 38
4 31
3 55
4 6
4 82
4 68
3 35
3 6
3 98
4 42
3 73
3 83
3 59
3 44
4 77
3 61
4 6
4 34
3 54
4 62
4 11
3 55
4 1
4 48
3 84
4 49
4 38
4 28
3 25
3 59
4 5
3 23
3 49
4 10
4 36
4 20
3 10
4 71
3 65
4 91
3 97
3 6
3 33
3 84
4 75
4 61
4 36
3 28
3 93
4 61
4 72
4 80
3 61
3 44
4 13
3 98
3 94
3 20
4 48
4 94
3 13
4 82
3 59
4 61
4 20
3 85
3 7
3 7
3 59
3 27
3 52
3 29
3 67
4 97
3 4
4 32
4 61
3 27
3 65
4 95
3 80
4 87
4 38
4 20
3 17
4 70
3 41
4 1
4 16
3 95
4 23
3 77
4 68
3 14
3 59
3 72
3 27
3 89
3 15
4 7
4 31
3 26
3 87
3 3
4 38
4 47
4 87
4 44
3 60
3 49
3 57
3 82
4 79
4 50
3 87
3 12
3 6
3 90
4 99
3 82
3 40
4 84
3 18
4 59
4 31
3 51
3 43
3 87
4 69
3 31
3 49
3 60
4 61
4 30
4 73
3 68
4 55
3 16
3 11
3 28
4 7
3 8
3 74
3 99
4 83
4 44
4 57
4 55
3 47
3 11
3 73
3 32
3 99
4 72
4 52
4 16
4 16
3 48
3 34
3 29
3 66
3 33
3 25
3 22
4 94
4 81
3 56
3 26
4 20
3 13
4 4
4 50
4 38
4 98
3 81
3 69
3 80
3 31
3 68
3 33
4 49
3 42
3 94
4 88
4 30
4 28
3 7
3 33
4 90
3 61
4 23
3 7
3 6
4 91
3 24
3 43
4 1
4 59
3 52
3 54
3 23
4 92
3 10
3 17
3 94
3 18
3 12
3 84
4 88
4 62
4 95
4 40
3 15
4 24
4 54
3 21
4 70
4 39
3 46
4 28
4 92
4 30
4 78
4 6
4 55
3 92
3 14
3 52
3 22
4 69
4 85
3 93
3 69
3 52
4 14
4 13
3 0
4 17
4 100
4 100
3 29
3 95
3 11
3 19
4 14
3 61
4 18
4 100
3 80
4 10
4 16
4 94
3 97
4 5
3 42
3 79
4 78
3 58
3 40
3 61
3 60
3 66
4 95
3 47
4 67
3 7
4 45
4 36
4 30
3 2
3 60
4 30
4 78
3 37
4 74
4 10
4 68
4 80
4 74
3 82
4 79
3 23
4 1
3 53
3 8
3 76
3 52
4 40
3 63
3 9
4 26
4 24
4 26
3 25
3 25
3 12
3 75
3 94
4 56
4 12
3 6
3 7
3 24
3 70
4 65
3 32
3 80
4 57
4 100
4 1
4 50
4 46
3 76
3 98
4 46
3 60
3 55
4 2
3 40
3 39
4 79
3 29
4 2
3 80
3 47
3 43
4 1
4 75
3 48
3 41
3 15
3 79
3 51
3 97
4 17
3 24
4 37
4 6
4 90
4 33
4 4
4 29
3 75
3 34
3 90
4 88
4 91
3 18
4 97
3 33
3 38
3 0
4 73
3 39
3 58
3 0
4 72
3 51
4 92
4 57
4 46
4 48
4 75
4 95
3 66
3 94
3 24
4 55
4 6
4 98
4 78
4 5
4 41
4 19
3 7
4 63
3 95
4 8
3 59
4 39
3 40
3 28
3 9
3 59
3 83
3 38
4 68
4 90
4 81
3 45
3 14
4 35
4 50
3 37
4 19
4 38
3 16
3 75
3 3
3 54
4 42
4 25
3 44
4 76
3 30
4 50
4 27
3 32
4 89
3 42
4 60
4 30
3 54
4 50
4 82
3 85
3 63
4 32
3 78
3 67
3 25
4 66
3 72
3 41
4 61
4 56
3 58
3 42
3 88
3 47
3 81
4 79
3 25
4 59
4 92
3 64
3 60
4 38
4 88
4 69
4 21
4 91
3 93
3 1
3 46
4 77
4 35
4 91
3 15
4 40
3 87
3 87
4 98
3 18
3 7
4 62
3 74
3 68
3 33
4 32
4 42
4 63
4 82
4 1
4 67
4 33
3 88
3 70
3 66
3 39
4 13
3 58
3 7
4 57
3 9
4 69
3 16
4 62
3 74
4 93
4 77
3 95
3 18
4 68
4 81
4 52
4 87
4 35
3 42
4 62
3 56
4 72
4 45
4 87
4 62
3 11
3 46
4 25
4 39
3 27
4 69
4 55
4 61
4 63
4 4
3 45
3 57
4 70
3 37
4 84
4 56
3 68
3 41
3 90
4 52
4 85
4 65
3 73
3 67
3 0
4 16
3 9
3 16
4 92
3 8
4 16
4 10
4 91
3 40
4 51
3 92
4 40
4 8
4 33
3 4
4 17
3 88
4 76
3 18
4 15
3 83
4 81
4 18
4 16
4 55
3 66
3 15
4 24
3 56
4 62
3 22
4 23
4 81
4 97
3 36
4 51
4 85
4 47
4 62
4 92
3 19
4 22
3 78
4 9
3 39
3 61
4 9
4 33
3 2
4 89
3 34
3 33
3 78
3 96
4 33
4 9
4 61
4 29
4 94
4 62
4 98
3 55
4 91
3 100
4 22
4 40
3 39
4 3
4 65
3 29
4 10
4 87
4 37
3 40
4 100
3 21
3 92
4 40
3 30
3 47
4 34
4 8
4 99
4 28
3 2
3 97
3 63
4 83
3 36
4 47
4 75
4 71
4 6
4 37
4 18
4 89
4 22
3 77
4 21
3 13
4 76
3 86
4 78
3 34
4 11
3 47
3 34
4 84
4 59
3 40
4 21
4 24
4 64
3 65
4 96
4 100
4 34
4 57
4 67
3 27
4 80
4 55
3 81
4 92
4 75
3 30
4 29
4 11
4 88
4 9
3 40
4 74
3 6
3 97
3 85
3 81
4 77
4 87
3 65
3 8
4 20
3 70
4 45
3 0
4 69
4 6
4 23
4 89
3 72
4 47
3 3
4 98
4 26
4 20
4 22
4 38
4 21
3 7
4 25
4 71
4 63
4 64
4 44
3 11
4 41
4 87
4 14
3 41
3 14
3 82
4 58
3 15
3 90
4 63
4 25
4 13
3 23
4 10
3 75
4 60
3 40
3 26
3 70
3 81
4 91
4 29
3 54
3 6
4 92
4 57
3 54
4 55
3 33
3 62
3 42
3 33
4 99
3 87
4 83
4 77
3 100
3 61
4 76
4 65
3 36
3 48
3 21
3 37
3 30
4 71
3 61
3 1
3 22
3 5
3 83
4 64
3 77
3 34
4 34
3 98
3 48
4 64
3 52
3 60
4 51
4 50
4 18
3 34
4 64
4 22
3 29
3 26
3 12
4 90
4 42
3 93
4 62
4 10
3 17
4 21
3 4
3 13
4 80
4 91
3 43
3 78
3 11
3 66
3 60
4 69
4 81
4 68
3 43
4 83
4 52
4 81
3 28
4 3
3 2
4 71
4 47
4 17
4 47
3 95
3 100
3 40
4 75
4 70
4 43
4 39
3 21
4 77
4 20
4 31
3 84
3 28
3 37
4 17
3 22
3 76
3 17
3 6
3 80
4 80
3 77
3 66
3 26
4 71
4 22
3 47
3 98
4 6
4 48
4 31
4 47
3 68
4 36
3 99
4 67
3 41
3 37
3 56
3 74
4 82
3 31
4 65
4 50
3 70
3 13
4 24
4 7
4 94
3 45
3 0
4 80
3 33
3 41
4 41
3 53
4 80
3 38
4 36
4 58
3 11
4 0
3 5
3 18
4 38
4 26
4 13
3 74
3 55
4 72
3 100
3 20
4 74
3 56
4 54
4 56
3 36
4 94
4 92
4 72
3 92
3 31
4 44
3 75
4 59
4 33
3 12
4 28
3 5
4 19
3 95
4 33
3 84
3 13
3 100
4 48
4 55
3 82
4 80
4 67
3 58
3 7
3 12
4 78
3 71
3 63
3 8
3 98
4 59
4 93
4 84
4 31
4 94
3 77
4 90
3 69
3 98
3 34
3 30
3 36
3 41
3 57
4 80
4 13
4 82
3 66
4 7
4 46
3 54
4 34
3 24
3 59
3 73
3 66
4 63
3 83
4 88
3 33
3 57
4 65
4 46
4 15
3 16
3 61
3 19
3 37
3 24
4 75
3 85
3 51
4 94
4 32
4 9
4 52
3 65
3 51
3 71
4 23
4 96
3 81
3 48
3 78
3 77
4 12
4 50
4 54
4 89
4 56
4 95
3 7
4 52
3 8
4 87
4 18
3 23
4 3
3 45
3 1
3 0
4 68
3 36
3 77
4 70
3 50
3 38
4 68
3 2
4 40
4 96
4 1
3 57
3 37
3 24
4 80
3 18
3 47
4 1
4 94
4 73
3 67
4 37
4 82
4 0
4 81
4 66
4 94
3 41
3 23
3 34
3 51
3 7
3 64
4 70
3 41
4 72
3 74
3 65
3 77
4 91
3 47
3 16
3 92
4 72
4 34
4 33
4 4
3 53
3 46
4 18
3 94
4 40
4 36
3 0
4 34
3 33
4 41
4 48
4 42
4 47
4 93
3 51
4 31
4 21
3 14
4 2
3 42
3 62
4 3
4 46
3 85
4 66
3 83
4 100
4 88
4 34
4 53
4 87
3 95
4 52
4 95
3 71
4 14
3 30
4 52
3 51
4 33
3 26
3 39
4 26
3 33
3 16
3 14
4 70
4 59
3 42
4 95
3 48
4 40
4 52
4 2
3 42
3 18
4 42
4 58
3 75
4 38
4 6
4 70
3 24
3 82
3 57
4 27
3 94
3 13
4 50
4 51
4 55
3 5
3 96
4 49
3 87
4 3
3 31
3 80
4 49
3 32
3 78
4 86
4 4
3 33
3 84
4 5
3 39
4 12
3 80
4 64
4 23
3 67
4 61
3 73
4 98
4 83
4 91
4 100
4 98
3 83
3 98
3 58
4 53
4 96
4 54
3 96
3 42
4 64
3 91
4 84
3 34
3 6
3 0
3 74
4 37
3 62
4 28
3 12
3 73
3 61
4 41
4 18
4 78
3 30
4 60
4 42
4 56
4 56
3 75
3 51
4 84
3 7
3 100
4 22
3 49
3 54
3 84
3 80
4 19
4 44
3 24
3 54
3 25
4 30
3 79
4 12
3 56
4 37
4 55
4 48
3 43
3 29
3 46
3 93
4 53
3 63
4 37
4 44
3 81
3 34
3 70
3 53
4 78
3 24
3 80
4 83
3 24
3 45
4 61
4 16
3 43
3 51
3 50
4 93
3 76
4 98
4 38
4 43
3 59
3 94
4 72
4 74
4 48
3 67
4 62
4 28
4 63
3 93
4 2
4 17
4 2
4 50
4 80
3 22
3 59
3 56
3 2
3 95
3 90
4 86
3 14
3 61
3 82
4 41
4 54
3 3
4 96
4 78
3 96
3 39
3 78
4 14
4 45
4 66
3 15
3 79
4 26
4 71
4 23
4 66
3 16
3 79
4 29
4 0
4 63
3 7
4 44
3 89
3 91
3 88
3 82
4 17
3 5
3 24
3 92
4 26
4 19
3 38
3 4
4 34
4 86
3 95
3 92
3 47
4 42
4 69
4 84
3 75
3 14
4 100
4 80
3 72
4 44
3 76
4 56
4 21
3 10
4 96
3 46
4 78
4 5
4 72
3 68
4 22
3 33
3 2
4 67
3 32
3 92
4 65
3 61
4 20
4 90
4 4
3 7
4 35
4 1
4 65
3 22
4 7
4 15
4 71
4 59
3 63
4 55
4 41
3 56
4 25
3 74
3 38
4 29
4 21
4 79
4 94
3 77
4 2
4 41
3 8
3 78
4 52
4 22
3 22
4 1
3 9
4 100
3 59
4 19
4 46
3 42
3 34
3 68
3 61
3 14
4 5
3 85
3 97
3 93
4 85
4 24
3 27
4 0
4 20
4 19
3 11
3 56
3 5
3 85
4 28
4 54
3 16
3 33
3 81
4 68
3 95
3 96
4 10
3 18
3 23
3 21
4 8
3 36
4 26
3 98
3 97
3 85
3 58
3 93
4 67
3 35
4 89
4 53
4 28
3 65
4 6
3 62
3 30
3 26
4 36
4 75
4 37
3 83
4 52
3 24
4 77
4 57
4 24
3 94
3 4
3 88
4 29
4 37
3 38
3 69
4 3
3 52
3 94
4 94
3 35
3 56
3 39
3 6
3 92
3 53
4 67
4 51
4 70
3 25
3 72
3 52
4 11
3 34
4 64
4 49
4 98
4 7
4 25
4 95
4 13
4 84
3 40
4 93
4 50
3 19
3 44
3 91
3 45
3 72
4 31
4 33
3 4
3 50
3 13
4 88
4 35
3 84
4 88
3 57
4 15
4 70
4 3
3 49
4 51
4 22
3 77
4 58
4 72
3 6
3 91
4 99
3 44
4 70
3 10
4 57
4 96
3 55
3 3
3 51
3 16
4 96
4 98
3 6
3 33
3 73
4 3
4 67
4 39
4 100
3 54
3 89
3 98
3 72
3 11
4 66
4 62
3 57
4 47
3 50
4 97
3 85
3 74
4 27
3 98
4 44
3 82
4 49
4 84
4 3
3 1
4 10
4 15
4 82
3 67
3 45
3 6
3 76
4 75
3 24
4 45
4 8
3 33
4 11
3 84
4 74
4 87
3 71
4 12
3 43
4 49
4 32
3 2
4 40
3 25
4 39
3 68
4 39
4 5
3 76
4 67
4 71
3 73
3 99
3 25
4 90
4 74
4 40
4 31
4 88
4 36
4 67
3 65
3 81
3 66
4 98
4 46
3 4
3 41
3 24
3 71
4 45
3 69
3 43
3 10
3 16
4 1
3 4
3 8
3 44
3 28
4 10
4 57
3 35
4 57
3 94
4 97
4 11
4 26
4 6
3 99
4 67
3 8
4 98
4 50
3 1
4 82
4 71
4 33
4 60
4 88
4 89
3 4
3 45
3 73
4 37
4 64
4 99
4 84
4 70
4 63
4 85
3 10
3 90
4 31
4 47
4 18
4 31
4 51
4 39
4 84
4 89
3 27
3 19
4 81
4 22
4 66
3 87
4 25
3 19
4 58
4 64
3 84
3 53
3 79
4 82
4 46
3 23
4 93
4 9
4 24
3 46
3 78
3 21
4 77
4 70
4 65
4 52
4 32
4 95
3 4
4 95
4 30
4 21
3 94
3 92
4 95
4 37
4 62
3 67
4 45
3 19
4 21
4 31
3 29
3 43
3 7
3 16
4 55
4 21
3 71
4 65
4 82
4 70
3 1
4 46
3 0
3 96
3 100
4 36
4 38
4 3
3 69
4 61
4 75
4 77
4 46
4 100
3 79
4 88
3 23
4 19
3 47
3 97
4 68
4 29
4 49
4 9
3 77
4 94
3 50
4 13
3 87
3 62
4 39
4 66
4 71
3 28
3 94
3 76
4 0
4 97
4 92
4 75
4 62
3 80
3 23
4 48
3 9
4 54
4 41
3 49
4 51
4 15
4 8
3 87
4 83
4 18
4 44
3 19
4 61
3 81
4 37
3 90
4 92
3 61
3 27
3 10
3 81
3 77
3 45
3 79
3 30
4 28
4 14
4 90
3 70
3 8
3 98
4 73
3 0
4 38
3 40
3 32
4 13
3 72
3 95
3 49
4 27
3 100
4 97
3 20
3 66
4 38
4 19
3 63
3 71
4 95
4 56
4 23
4 82
4 15
4 80
3 44
3 86
4 79
3 21
3 59
3 6
3 14
4 41
3 49
4 47
3 35
3 78
4 37
4 29
4 94
4 36
3 45
4 47
4 81
3 18
3 46
4 70
3 13
4 48
4 56
4 60
4 88
3 54
4 81
4 41
3 90
3 90
4 81
4 6
4 55
3 20
4 2
4 21
3 39
4 47
3 33
4 85
3 62
3 72
3 34
3 61
4 86
3 77
3 24
4 68
3 79
3 41
4 32
4 9
3 27
3 87
3 93
4 29
3 9
3 13
4 70
4 25
3 86
4 73
3 67
4 62
3 32
3 17
4 26
4 88
3 12
3 17
4 29
3 56
3 26
3 99
4 56
3 30
4 82
4 35
4 30
3 33
4 47
4 3
4 52
3 94
4 49
3 60
4 20
4 87
3 15
3 93
3 20
4 66
4 49
3 3
3 84
4 92
3 62
4 86
4 96
3 54
4 4
4 71
4 9
4 49
3 4
3 80
4 66
3 5
4 33
3 7
4 87
3 28
3 75
4 96
3 52
3 66
4 42
4 12
4 15
3 4
4 56
3 79
3 45
4 77
4 86
3 100
4 37
4 89
3 4
3 20
4 28
4 47
4 74
4 79
3 69
3 78
4 25
4 64
4 55
4 0
4 17
3 72
4 42
3 96
3 73
4 43
4 98
4 16
3 95
3 2
4 9
3 0
3 47
4 46
3 22
4 72
4 92
4 16
3 51
4 60
3 54
3 0
3 52
3 98
4 10
3 70
4 3
4 22
3 40
3 39
4 83
3 59
4 43
4 72
3 40
3 85
3 89
3 35
4 11
4 78
4 27
4 50
3 68
3 72
4 62
3 75
4 86
3 12
3 21
3 63
3 49
3 17
3 92
4 63
4 48
3 48
4 43
4 27
3 53
3 33
4 78
4 64
4 77
4 0
4 71
4 76
3 51
3 57
4 54
4 100
4 77
3 7
4 17
3 37
4 62
4 87
4 19
4 51
4 61
4 45
4 64
4 3
4 85
3 88
3 44
3 85
3 48
4 75
3 30
3 55
4 19
3 91
3 24
4 89
4 28
3 38
3 34
4 90
4 6
4 87
3 76
3 36
4 42
4 38
3 3
3 11
4 52
4 67
4 48
3 87
4 8
4 5
3 66
4 43
3 98
3 41
3 89
4 89
4 62
3 18
4 97
4 68
4 6
4 68
3 73
4 88
4 25
3 41
4 58
3 48
4 5
3 62
4 86
3 15
4 78
3 39
3 75
3 11
3 4
3 13
4 90
3 46
4 56
3 64
4 12
3 90
4 22
3 30
3 99
4 32
3 50
4 59
4 40
4 9
4 69
4 72
3 12
4 51
3 64
4 30
4 7
3 44
3 17
4 71
3 19
3 71
3 6
3 75
4 86
3 38
4 53
4 85
3 94
4 52
3 15
3 23
3 74
3 7
3 38
4 62
3 53
3 11
3 68
3 51
3 24
3 20
3 41
4 59
4 61
3 37
4 78
4 38
4 44
3 12
4 15
4 21
3 43
3 41
3 18
4 23
4 13
4 37
4 16
3 50
4 53
3 16
4 56
4 70
4 93
4 4
4 21
4 76
3 42
3 45
3 34
4 87
4 86
3 3
4 15
4 43
3 1
3 26
3 20
4 79
4 52
4 36
4 32
3 22
3 64
4 35
3 73
4 71
4 19
3 66
3 73
4 46
4 26
3 5
3 45
4 85
4 23
4 74
4 89
4 71
4 20
4 17
4 55
3 4
3 57
3 7
3 84
4 77
4 70
3 0
4 42
4 42
3 86
3 3
4 44
4 54
3 73
4 49
4 10
3 60
3 66
3 49
3 19
4 15
4 70
4 45
3 16
3 70
4 76
4 59
4 51
3 65
3 34
3 8
3 71
4 20
4 12
4 40
4 2
4 22
4 79
4 18
3 2
4 52
4 2
3 89
3 94
3 73
4 96
3 59
4 51
3 37
4 83
4 38
4 25
3 99
3 93
4 57
3 92
4 90
3 50
4 62
4 56
4 2
3 17
3 56
3 34
4 84
3 15
4 0
3 85
4 82
3 34
3 91
4 50
3 88
4 19
4 89
4 49
3 44
4 74
4 87
4 98
4 87
4 64
3 74
4 33
4 20
3 16
4 0
4 74
3 99
4 29
4 24
3 83
3 7
3 47
3 36
4 68
3 54
4 92
3 3
4 81
4 40
3 54
3 46
3 88
3 97
3 24
4 97
4 90
3 32
4 87
4 44
3 30
3 46
3 38
3 32
3 53
3 16
4 1
4 72
4 86
4 97
4 34
4 65
4 53
3 60
3 14
4 23
3 34
3 65
4 98
3 39
4 59
4 10
3 25
4 63
3 48
3 48
3 78
3 24
3 72
3 87
4 95
4 77
3 36
3 0
4 11
4 27
4 38
3 70
4 78
3 2
4 34
4 42
3 75
3 43
3 9
4 47
4 90
3 1
3 16
4 54
3 95
4 39
3 66
4 51
3 23
3 22
4 12
4 19
4 53
4 5
3 31
3 31
3 94
4 59
3 32
3 16
3 45
4 38
4 36
4 45
3 87
3 2
4 47
4 99
4 88
4 69
4 36
4 42
3 27
4 8
3 100
3 72
4 34
4 95
3 19
3 24
4 31
4 72
3 15
4 49
4 60
3 39
3 75
3 22
4 32
3 16
3 39
3 97
4 19
4 49
3 70
4 80
3 41
4 38
3 45
4 84
4 68
3 78
4 20
4 19
4 90
4 41
4 10
4 15
3 12
3 99
4 42
4 48
4 23
4 50
4 69
3 65
3 95
3 59
3 45
3 50
3 32
4 42
4 74
3 59
3 11
4 68
4 35
4 86
3 3
4 4
3 31
3 76
3 69
3 95
4 88
3 6
3 100
3 36
4 12
3 39
3 96
3 37
3 85
3 28
3 78
3 17
3 94
4 5
3 1
3 7
3 42
3 96
4 61
3 82
4 45
4 14
3 7
4 30
4 20
4 22
3 64
4 14
3 88
3 48
4 69
4 18
4 83
3 96
3 4
3 50
4 59
3 94
3 92
3 89
3 39
3 12
3 91
4 42
3 26
3 99
4 4
3 4
3 96
3 62
3 72
4 65
3 75
4 24
3 86
3 55
4 16
4 86
3 8
3 45
4 23
3 10
4 34
4 96
4 41
4 79
3 73
3 57
3 17
4 47
3 21
4 20
4 78
3 9
4 18
4 9
4 92
3 12
3 25
3 17
4 47
4 37
4 8
4 58
4 70
4 14
3 97
3 75
4 78
3 16
3 65
3 51
4 52
4 31
4 18
4 33
3 85
4 68
3 37
3 68
3 76
4 87
4 39
4 12
4 33
3 22
3 12
3 32
3 53
3 27
3 26
4 74
3 69
4 53
3 37
3 36
4 59
4 63
3 79
4 69
3 14
4 27
3 46
3 99
3 34
3 44
4 15
3 22
4 71
4 98
3 66
4 42
4 36
4 48
3 75
4 61
4 12
3 48
4 25
4 83
4 0
3 29
4 34
3 16
3 14
3 33
3 20
4 26
4 73
4 71
4 32
4 46
3 88
3 84
4 71
3 48
4 17
4 51
4 4
4 3
4 69
4 35
3 52
3 24
4 6
3 61
3 36
3 55
3 15
4 90
4 29
4 44
3 54
4 59
3 34
4 56
3 34
4 67
3 13
3 99
3 95
4 37
3 7
3 34
4 37
3 73
3 41
4 74
3 6
4 74
4 93
3 76
3 91
4 83
3 42
3 24
3 29
3 97
4 23
4 91
3 26
4 77
4 24
3 83
4 46
4 27
4 36
3 96
4 17
4 72
4 20
3 21
3 17
3 7
3 93
4 26
3 6
4 29
4 75
3 2
3 67
4 73
3 42
4 89
3 48
3 74
4 68
4 36
4 1
4 79
4 98
4 1
4 67
4 58
3 81
4 56
4 36
3 30
4 83
4 62
4 79
4 6
3 47
3 7
3 96
4 33
4 33
3 25
4 70
4 2
3 56
4 95
4 99
4 91
3 82
3 58
4 63
3 22
3 8
3 45
4 59
3 14
4 30
4 25
3 56
4 70
4 12
3 84
4 41
4 47
4 65
4 29
4 69
4 2
3 72
3 82
3 72
3 24
3 28
4 61
4 28
4 94
4 79
4 42
4 77
3 68
4 34
4 98
3 73
3 38
3 68
3 89
3 89
3 5
4 31
3 14
4 6
4 60
4 8
3 15
3 34
4 0
3 61
4 9
3 20
3 25
4 20
3 71
4 5
3 15
3 21
3 40
3 5
3 37
3 57
3 90
3 25
3 33
4 31
3 66
4 46
4 71
3 36
4 17
3 97
4 42
4 34
4 36
3 54
4 67
3 16
3 75
3 5
4 31
4 2
4 59
4 65
3 17
3 58
3 17
4 66
4 3
4 1
3 98
4 23
4 31
3 12
3 85
3 7
3 76
3 48
3 62
3 56
4 89
4 85
4 86
4 78
3 90
3 82
3 54
3 86
4 59
4 39
4 13
4 40
4 28
4 55
3 8
3 59
4 45
3 92
4 74
4 28
3 39
3 11
4 64
4 6
4 39
4 57
4 67
3 83
4 83
4 16
4 43
4 68
3 99
3 90
4 10
4 82
4 58
3 45
4 57
4 77
4 3
3 25
4 82
3 84
3 45
3 23
4 20
3 12
4 40
3 74
4 65
4 68
3 69
3 50
3 59
4 54
4 86
4 100
3 40
3 69
4 60
3 25
4 4
3 62
3 95
4 6
3 55
3 91
4 99
4 48
4 48
4 2
4 6
3 55
3 87
3 49
4 3
3 25
4 28
4 10
3 91
3 73
4 81
3 75
3 27
4 58
3 83
3 3
3 48
4 2
4 54
3 56
3 30
4 51
3 91
3 53
4 50
4 56
3 77
4 1
4 19
4 87
4 30
4 81
4 33
4 47
4 98
4 41
3 90
4 45
4 72
3 32
4 77
3 74
3 22
3 25
3 100
4 55
3 72
4 4
3 9
3 60
3 18
4 46
4 35
4 13
3 26
4 12
3 99
4 1
4 50
3 27
3 13
4 92
4 15
4 61
3 85
4 40
4 52
3 87
4 100
3 9
3 43
4 29
3 62
4 2
4 12
3 85
4 81
3 78
3 68
3 93
3 65
3 80
3 48
3 78
3 85
3 59
3 38
3 66
3 41
4 36
3 71
4 11
4 67
3 31
4 8
3 1
4 17
3 12
3 4
3 12
4 40
4 100
3 80
4 41
3 99
4 6
4 91
3 18
4 54
4 39
4 95
3 77
3 71
4 71
4 12
3 22
3 48
3 73
3 19
3 29
4 12
3 45
3 26
4 69
4 93
3 97
3 58
3 43
3 17
4 23
3 35
3 25
3 15
3 52
3 65
4 75
3 88
3 7
4 38
4 12
3 60
4 100
3 94
4 60
4 75
4 42
3 14
4 47
3 69
3 58
4 6
3 20
4 7
3 11
4 88
4 33
4 49
4 60
4 16
3 41
4 69
3 94
4 10
3 3
4 1
3 28
4 90
3 96
3 49
4 46
4 48
4 3
3 60
4 38
4 48
4 35
4 0
3 96
3 8
3 78
4 18
4 35
3 86
3 85
4 35
3 53
3 57
4 45
3 7
4 96
4 32
3 70
3 51
3 75
3 96
4 98
4 44
3 4
3 45
4 28
4 79
4 17
3 51
4 73
3 35
3 53
3 33
3 78
4 21
3 95
4 85
3 44
4 26
3 41
4 49
3 4
4 39
4 57
3 40
3 46
3 44
4 32
3 86
4 86
3 56
3 79
4 15
3 17
4 96
4 46
3 17
4 3
3 46
4 64
4 37
4 77
3 87
3 9
4 32
3 70
4 93
4 4
4 89
3 52
3 73
4 84
4 87
4 54
4 90
3 36
3 53
3 14
3 40
4 19
4 43
4 76
3 88
4 76
4 15
4 22
4 74
3 46
3 92
3 8
3 96
3 45
4 3
4 91
3 34
3 49
3 78
4 93
3 83
3 5
4 57
3 27
3 64
4 4
4 95
4 2
4 65
3 15
4 79
4 92
4 90
3 78
4 4
4 86
3 91
4 81
4 44
3 40
3 96
3 71
4 63
4 82
4 52
3 67
4 76
3 31
3 100
4 0
3 11
4 95
4 83
3 64
3 46
3 36
4 94
4 28
4 64
4 88
3 89
4 36
4 44
4 93
3 13
3 15
4 82
3 85
4 4
3 92
3 80
4 99
4 79
3 97
4 74
4 9
3 68
3 79
4 38
3 38
3 36
4 43
3 51
3 57
4 84
3 93
4 69
3 88
3 40
4 56
3 22
3 98
3 59
3 64
4 84
3 57
4 64
4 87
3 49
3 96
3 50
4 54
4 66
4 52
4 28
3 15
4 67
4 59
3 86
4 0
3 87
4 4
4 59
3 8
4 90
4 59
4 18
3 15
4 41
4 29
3 76
4 92
4 36
4 46
3 71
4 55
4 100
4 65
4 20
3 80
3 23
4 31
3 80
3 12
4 55
4 47
3 97
4 20
4 69
3 40
4 83
4 89
4 14
3 46
3 100
4 99
3 64
4 65
4 23
4 67
4 26
3 33
3 67
4 3
4 92
3 32
4 100
4 77
3 86
3 39
4 31
4 55
4 22
4 48
4 8
4 14
4 46
3 11
4 80
3 72
4 43
4 82
3 94
3 6
3 39
3 93
4 64
4 13
3 40
3 59
3 85
3 33
3 73
3 3
3 74
4 48
3 81
4 14
3 42
4 87
4 83
3 20
4 20
3 97
3 74
3 78
3 49
3 30
3 29
3 59
4 35
3 51
4 95
3 31
3 70
3 51
4 58
3 38
3 51
4 20
4 31
3 80
3 76
3 72
3 64
3 96
3 27
3 84
3 50
4 61
3 14
3 26
4 2
3 4
4 49
4 65
4 14
3 96
3 64
3 95
3 79
4 52
4 56
3 77
4 56
4 1
4 41
4 55
4 32
3 20
4 12
4 81
3 2
4 21
3 90
3 85
3 87
4 17
3 14
3 84
3 40
4 98
3 67
4 72
4 83
3 6
4 21
4 43
3 40
4 72
3 84
4 87
4 69
3 54
4 17
3 11
4 25
4 15
4 98
3 74
4 27
4 30
4 2
4 87
3 87
3 14
4 74
4 10
4 60
3 63
3 47
4 76
3 6
3 80
3 43
4 51
3 17
3 73
4 86
4 3
3 75
3 19
3 2
3 80
4 51
4 25
4 73
3 6
3 18
3 55
3 14
4 11
3 25
4 89
4 33
4 20
3 70
4 46
4 55
4 53
4 51
4 28
4 97
4 77
3 10
3 67
3 27
3 20
3 100
4 92
4 73
3 54
3 30
4 88
3 97
4 6
4 48
3 0
4 80
4 39
4 57
3 67
3 90
3 81
3 43
3 82
3 68
3 37
3 20
3 26
3 64
3 90
4 78
3 8
4 89
3 63
3 19
3 21
4 95
3 88
4 74
4 22
3 99
4 23
4 88
4 37
4 39
4 40
3 5
4 77
4 74
3 24
4 50
4 66
4 0
4 94
4 10
4 23
4 24
3 59
3 56
3 22
3 52
3 46
4 47
4 2
4 57
4 60
3 88
4 59
4 46
3 72
3 44
4 37
4 9
3 26
4 72
3 17
4 98
4 68
4 100
3 50
4 14
4 75
3 78
4 15
4 55
4 86
4 45
3 20
4 4
3 98
4 26
4 16
4 29
3 13
3 98
4 80
3 1
4 54
4 73
3 96
4 83
4 69
3 1
3 75
3 67
3 7
3 62
3 11
3 59
3 11
4 73
4 67
3 49
4 54
4 12
4 73
3 86
3 25
4 74
3 25
3 28
4 77
3 9
4 29
3 74
3 58
4 65
4 49
4 29
4 1
3 45
3 7
3 23
3 89
4 52
4 85
4 1
3 89
4 92
3 88
4 69
3 90
4 83
3 78
4 64
3 35
3 24
4 6
4 82
3 0
4 45
4 61
4 67
3 55
3 23
3 90
3 52
4 70
4 44
4 5
4 89
3 32
4 9
3 36
4 33
3 59
4 80
3 28
4 83
3 81
3 61
3 84
3 58
3 25
4 54
3 49
3 4
4 73
4 24
4 36
3 64
3 87
3 48
4 43
4 97
3 31
4 42
3 90
4 64
3 13
3 47
4 100
4 31
3 63
4 63
4 93
3 80
3 58
3 75
4 20
4 27
3 100
4 7
4 19
3 75
3 56
4 9
3 97
3 54
3 45
4 82
3 21
3 12
4 95
4 5
3 67
4 77
4 70
4 34
4 17
4 85
3 0
4 100
3 8
3 75
3 12
4 75
3 38
4 23
4 24
4 44
4 79
3 52
4 34
4 34
3 40
3 31
3 87
3 67
4 58
3 74
4 5
3 0
3 29
3 8
3 71
3 31
4 91
3 82
3 78
3 76
4 61
4 48
4 0
4 10
4 85
3 5
3 24
3 49
3 65
3 33
3 55
3 40
4 36
3 42
3 9
3 60
3 75
3 34
3 81
3 82
4 3
4 40
4 46
4 87
3 3
4 95
4 72
4 85
3 34
3 90
3 81
3 8
4 28
3 70
3 85
3 95
3 58
3 43
4 38
3 76
3 31
4 90
4 93
4 83
3 54
4 75
3 58
4 86
4 40
3 62
3 26
3 70
3 83
3 82
4 19
3 46
3 49
4 67
3 99
3 9
3 43
4 86
3 1
4 84
4 82
3 90
4 46
4 99
3 48
4 68
3 37
3 13
4 78
3 35
4 37
3 96
4 64
4 99
4 80
4 23
3 72
4 73
3 81
3 93
4 0
3 13
3 9
3 71
4 6
3 25
3 36
3 90
3 16
4 76
4 92
4 48
4 0
4 100
4 49
3 42
3 22
3 63
3 29
3 84
4 13
4 88
3 64
4 13
3 25
4 13
4 53
3 39
4 69
3 21
3 7
4 96
3 63
3 55
4 74
4 66
3 37
3 96
4 8
4 56
3 65
4 26
4 90
3 89
3 57
3 61
3 68
4 30
4 95
4 20
3 94
3 34
4 81
4 15
4 60
3 29
3 81
4 61
3 15
3 2
3 61
3 53
3 33
4 60
4 65
4 76
3 89
3 22
3 21
4 45
3 1
3 92
4 100
4 98
4 47
4 95
3 100
3 79
4 93
4 84
4 35
4 70
4 0
3 14
3 78
3 3
3 57
4 78
3 38
3 68
4 98
4 22
4 47
4 97
3 62
3 13
3 96
4 73
4 30
3 66
3 85
3 11
4 52
4 92
3 68
4 54
4 2
4 99
4 50
4 55
3 93
3 53
3 55
4 42
3 86
3 77
3 75
3 16
4 67
3 1
4 45
4 31
4 99
3 44
3 23
3 24
4 75
3 85
4 65
4 19
3 48
4 15
3 31
3 84
4 24
4 71
3 82
4 77
3 5
3 54
4 55
4 93
4 34
3 28
4 19
4 64
4 97
4 4
4 74
3 34
3 86
3 54
3 90
3 83
3 74
4 9
4 70
3 18
4 52
4 90
4 20
3 21
3 5
3 40
4 64
3 54
4 83
4 41
4 33
3 44
4 100
4 40
4 83
4 64
4 28
4 77
4 0
3 88
4 95
3 13
4 32
4 11
3 13
3 60
4 40
4 48
4 2
4 99
3 24
3 28
3 64
3 88
3 30
4 29
3 39
3 37
3 67
4 12
4 19
4 24
3 88
4 21
3 40
4 66
4 47
4 78
4 95
4 77
4 55
3 27
4 53
3 47
4 85
3 69
3 94
4 82
4 36
4 87
4 61
3 51
3 38
4 49
4 87
3 57
3 20
4 63
4 18
3 13
4 72
4 37
4 68
3 81
4 68
4 16
3 4
3 55
3 74
4 39
3 12
4 4
3 49
3 47
4 93
4 91
4 48
3 5
4 63
4 26
3 18
3 32
3 52
4 84
4 64
4 55
4 82
3 9
4 88
3 94
4 29
3 7
4 29
4 62
3 30
4 80
4 72
3 20
3 22
3 36
4 4
3 95
3 82
3 77
3 91
4 39
3 77
3 85
4 92
4 23
4 24
4 38
4 67
4 78
3 90
3 16
3 94
4 12
4 90
3 57
4 43
4 67
3 86
4 26
4 77
3 21
3 42
4 42
3 38
4 48
3 6
3 80
4 66
4 62
4 64
4 1
3 68
3 40
4 92
4 31
4 51
3 24
4 41
3 53
3 22
3 56
4 72
4 11
4 14
3 64
4 54
3 25
4 94
3 67
4 44
4 50
3 51
3 51
4 39
4 94
4 12
4 78
3 9
3 15
4 74
4 96
4 79
4 88
3 48
3 65
4 6
4 71
4 1
3 25
4 67
4 32
3 99
3 28
4 7
3 72
4 1
3 90
4 59
4 90
4 30
4 98
4 78
3 61
4 73
4 91
3 4
3 94
3 99
4 8
3 25
4 87
4 79
3 46
4 75
4 74
4 15
4 45
3 95
4 21
3 32
4 38
3 72
3 13
3 35
4 46
4 12
4 20
3 74
4 26
4 90
4 43
3 90
3 75
4 42
4 16
4 91
3 88
3 89
3 49
3 67
3 68
4 17
4 18
4 16
3 2
4 6
3 53
3 3
3 38
4 1
3 22
3 52
3 80
3 90
4 59
3 53
4 11
3 48
3 92
4 36
3 27
3 31
4 44
3 53
4 79
3 41
3 87
3 98
3 58
4 38
4 49
4 7
4 67
3 24
4 96
4 45
3 26
3 86
3 66
3 57
4 59
3 10
3 92
3 99
3 49
4 41
4 23
3 11
3 5
4 84
4 6
4 85
3 83
3 80
4 88
3 91
4 79
3 79
3 12
3 20
4 0
4 7
3 23
3 71
4 95
3 9
4 72
3 75
4 76
4 90
3 83
3 55
4 21
3 3
4 73
4 38
4 93
3 57
4 20
3 16
3 92
3 45
3 8
3 4
3 64
4 93
4 47
4 26
3 96
4 5
4 73
3 75
3 35
3 25
3 76
4 75
3 26
3 94
4 51
4 86
4 18
4 15
4 41
4 68
3 21
3 59
4 31
4 85
4 88
3 51
3 96
3 83
3 88
3 38
4 31
3 89
3 57
3 59
3 93
3 54
4 24
4 8
4 50
4 88
4 3
3 37
4 4
3 94
3 32
4 51
4 21
4 34
3 82
3 98
3 41
4 87
4 84
3 80
4 83
3 54
4 68
3 37
3 33
4 77
3 75
4 93
4 92
4 25
4 45
3 40
3 23
4 95
4 88
4 10
4 35
4 34
4 52
3 14
3 23
3 34
4 0
3 82
4 83
4 29
4 17
3 46
3 59
4 56
3 48
4 52
4 12
3 46
4 78
4 72
3 100
3 35
4 45
4 48
3 11
3 96
3 68
4 94
3 42
3 5
3 51
4 11
4 30
3 88
4 82
3 77
3 12
3 97
3 69
3 27
3 41
4 48
3 94
3 40
4 60
3 35
3 39
4 43
4 91
4 0
3 47
4 42
4 94
4 0
3 76
3 14
3 87
3 46
3 66
3 74
3 95
3 23
4 76
3 98
3 28
3 59
4 5
3 24
4 67
3 7
3 27
3 86
3 96
4 44
4 20
4 46
3 28
4 13
4 0
3 9
3 93
4 82
3 69
3 70
4 78
4 54
4 17
3 70
3 10
4 22
4 75
4 18
4 78
3 81
3 59
4 63
3 24
4 55
3 30
4 68
3 15
4 86
3 18
4 73
3 52
3 99
3 4
3 79
4 64
4 90
3 48
3 70
4 81
4 4
4 61
3 76
3 88
3 93
3 46
3 76
3 54
4 66
3 18
3 94
3 46
4 23
4 13
4 70
4 51
3 52
4 12
3 40
4 45
4 57
4 75
4 83
4 74
4 15
3 8
4 72
4 92
3 6
4 93
3 13
4 87
4 74
4 22
3 17
4 58
4 86
4 25
3 82
4 22
4 50
3 45
3 9
3 28
4 46
3 13
4 75
3 30
3 53
4 47
3 47
3 95
4 12
3 43
3 59
3 77
4 89
4 26
4 79
3 72
3 10
4 68
3 45
4 75
4 89
3 53
3 12
4 71
3 95
3 52
4 4
3 75
4 25
4 5
4 40
3 0
4 6
3 21
3 53
4 45
3 17
3 11
3 21
4 9
4 23
4 9
4 98
3 84
4 51
3 63
3 55
4 15
4 11
3 26
3 7
4 83
4 10
4 11
4 14
3 61
3 55
3 4
4 59
3 53
3 20
4 58
3 97
3 92
4 4
3 76
4 72
4 83
4 66
4 36
3 91
4 22
4 46
4 74
3 19
4 53
4 82
4 30
3 27
4 36
3 10
3 91
4 8
3 22
3 54
3 64
3 28
3 82
4 95
4 96
3 3
4 60
3 19
4 69
3 33
4 91
3 5
3 37
4 74
3 14
4 32
4 86
3 4
4 63
4 23
3 89
3 66
3 9
3 87
3 95
3 42
3 13
3 81
3 99
3 89
3 42
3 84
4 28
4 77
3 53
4 0
4 14
4 66
4 82
4 31
4 95
4 84
3 1
4 38
4 70
4 20
3 20
3 4
4 95
4 26
3 17
4 68
4 55
3 17
4 35
4 84
3 26
3 38
3 31
3 29
3 25
3 42
3 68
4 47
3 85
3 35
4 55
3 100
3 78
4 52
3 100
3 52
3 54
4 49
4 90
4 25
3 33
3 86
4 0
4 75
3 71
3 17
3 53
4 45
3 80
3 69
3 14
3 88
3 37
4 29
4 62
4 71
3 20
3 75
4 81
4 45
3 16
4 63
3 47
3 9
4 8
4 73
4 38
3 48
3 61
4 93
4 1
3 69
3 63
4 7
3 96
4 65
4 34
3 70
3 75
4 82
4 17
4 2
4 58
4 72
3 55
4 29
4 14
3 100
4 38
3 79
3 14
4 62
4 69
4 57
3 11
3 98
3 75
3 8
4 49
4 11
3 50
3 8
3 35
3 89
4 89
4 7
3 88
3 91
4 58
4 49
3 45
3 10
4 87
3 33
4 89
3 58
3 87
4 57
4 92
3 62
4 73
4 38
3 17
4 65
3 65
3 20
4 88
3 33
4 71
4 2
4 85
3 61
4 6
4 10
3 87
3 24
3 54
4 91
4 32
3 73
4 100
3 67
3 30
3 94
3 36
3 75
3 82
4 50
4 59
4 3
4 99
3 72
3 55
4 9
3 22
3 12
4 52
3 22
3 41
3 5
4 72
4 38
3 66
4 78
3 31
3 50
3 45
3 22
4 84
4 6
4 38
4 13
3 20
4 42
3 41
3 67
3 39
3 57
4 84
4 54
4 30
4 49
3 5
3 45
3 90
4 18
4 79
4 26
3 48
4 80
4 78
3 43
3 25
3 72
4 89
3 37
3 34
4 54
4 12
3 60
4 79
3 93
4 78
4 26
3 28
4 16
4 37
4 32
3 76
4 23
3 6
3 92
3 56
4 9
3 98
3 31
3 49
4 14
4 41
4 56
3 4
3 42
4 97
3 77
4 45
4 4
3 85
3 99
4 77
3 73
4 81
3 69
3 74
4 8
3 63
3 29
3 97
3 82
3 78
3 55
3 39
3 47
4 56
3 41
3 84
4 30
4 28
3 87
3 6
4 37
3 13
3 36
3 8
4 4
4 82
4 12
4 82
3 99
4 50
3 3
4 99
4 25
3 35
4 52
4 42
3 84
4 20
3 42
4 46
4 12
3 64
4 67
4 35
3 9
4 24
3 39
3 67
4 22
4 89
4 59
4 61
3 86
4 37
4 82
3 74
4 69
3 81
3 26
4 79
4 65
4 0
3 85
3 6
4 22
4 54
4 33
4 78
4 66
3 34
4 58
4 12
4 50
3 89
3 27
3 16
3 88
3 61
3 43
3 58
4 93
3 12
3 32
3 72
3 1
4 47
4 88
4 91
3 92
4 42
4 49
4 15
4 89
3 86
4 71
3 8
3 57
4 18
4 42
4 37
4 4
4 69
4 15
4 67
3 95
4 6
3 83
3 71
4 16
3 75
4 39
4 94
3 3
3 70
3 31
3 43
3 4
4 72
3 64
3 87
3 42
3 80
3 78
3 17
4 81
3 58
4 40
4 7
4 67
3 57
4 0
4 23
4 32
3 30
3 20
3 73
4 14
4 17
3 81
3 94
3 53
3 82
3 91
3 22
3 89
4 78
4 91
4 82
4 31
4 88
4 80
3 62
4 51
4 62
4 70
4 37
3 87
4 100
3 72
4 10
4 40
3 80
4 66
3 41
3 60
3 83
4 17
4 100
4 19
3 2
4 68
4 9
4 76
3 71
4 22
4 77
4 21
3 29
3 9
3 64
3 43
3 64
3 47
3 63
4 83
3 14
4 57
3 6
4 22
3 51
3 40
3 26
4 76
4 92
3 46
4 43
3 65
3 58
4 92
3 54
3 92
3 68
3 23
4 50
3 56
4 4
3 41
3 5
4 63
3 96
3 30
4 54
4 66
4 87
3 18
3 0
4 25
3 8
4 47
4 72
4 43
4 61
3 93
4 76
3 80
3 8
3 22
3 17
3 13
3 83
3 88
3 43
3 83
3 4
3 17
4 8
4 87
4 85
3 20
4 97
3 28
4 97
4 82
4 17
3 91
4 66
4 86
4 22
4 42
4 82
4 55
3 12
4 50
3 81
4 52
3 38
4 78
3 100
4 52
4 94
3 9
4 78
4 92
4 26
4 37
4 88
4 91
4 0
3 25
4 92
3 84
4 56
4 56
3 38
4 31
3 32
4 33
3 32
3 52
4 32
4 0
3 19
4 8
3 100
3 70
3 74
4 1
4 10
4 88
4 6
4 79
3 13
4 48
3 69
4 1
4 87
3 75
3 83
3 79
3 46
4 4
4 60
3 61
4 15
3 37
4 51
3 17
3 94
4 47
4 96
4 97
4 67
3 58
3 18
3 15
3 8
4 65
3 11
4 65
3 97
4 36
3 28
3 87
4 81
3 25
3 92
3 25
4 64
4 6
4 32
3 25
4 35
4 56
4 5
3 75
3 1
3 98
4 49
3 87
4 16
3 56
4 58
3 79
3 76
