12
1333 4617 6283231
4 29
4 58
4 10
6 92
6 76
4 7
4 17
6 1
6 92
4 80
5 46
5 38
6 70
4 50
5 94
5 56
5 6
6 64
5 31
4 56
6 52
4 88
6 50
4 91
4 79
6 6
6 69
5 39
6 54
6 88
5 21
4 14
4 62
4 88
6 53
5 58
4 69
5 64
4 90
6 83
6 88
4 63
4 67
6 73
6 95
5 25
6 85
5 34
6 37
6 6
4 54
6 41
5 81
5 74
5 55
5 49
6 55
6 50
4 58
4 77
5 48
4 98
4 47
4 34
6 77
6 79
5 20
6 85
5 0
6 83
4 51
5 32
6 80
4 66
6 4
5 94
6 99
4 33
4 16
4 90
5 66
4 6
5 51
6 31
5 67
4 57
5 0
5 95
5 36
6 6
6 0
4 62
4 90
6 59
4 100
6 81
5 39
4 44
6 16
6 57
5 86
5 11
6 34
4 72
4 37
6 70
6 34
6 61
5 22
4 37
6 38
4 83
6 17
4 2
5 68
4 0
6 1
4 90
5 86
6 79
4 82
6 26
4 9
4 85
4 11
6 32
5 84
6 95
5 42
6 66
6 67
6 38
5 31
5 36
4 89
6 48
5 12
4 70
5 4
6 69
6 78
5 16
5 17
5 75
4 94
6 2
4 49
5 54
6 27
5 65
5 24
5 14
6 53
5 53
5 89
4 42
6 78
4 75
5 21
6 32
4 11
5 49
5 8
4 42
6 52
4 97
5 78
4 47
5 16
4 84
5 72
5 40
6 50
6 5
5 49
5 80
6 97
4 73
4 38
6 28
4 50
5 58
4 30
6 30
6 3
5 65
5 64
4 14
6 38
5 37
6 20
6 69
6 86
6 66
6 45
6 48
6 72
6 59
4 97
4 55
5 84
5 53
5 72
5 36
4 11
6 72
5 70
5 65
4 45
4 67
5 28
6 5
6 71
6 70
4 39
6 24
4 20
4 80
5 67
4 100
4 58
4 40
4 42
5 93
4 78
4 68
6 60
4 40
4 15
5 1
4 56
4 34
6 25
6 70
6 28
4 59
6 72
5 43
5 78
5 22
5 44
4 62
6 53
6 29
4 42
5 8
5 80
5 48
5 58
5 42
5 87
5 88
6 73
4 57
4 45
4 82
6 25
4 62
5 78
4 63
6 27
4 11
6 67
4 35
4 53
6 62
6 46
4 4
6 25
6 14
5 21
5 23
6 53
6 77
5 30
5 20
5 83
4 55
6 95
4 19
6 52
5 27
5 52
5 24
5 25
6 76
4 34
4 97
5 47
6 81
6 97
5 21
4 7
4 68
6 94
6 85
6 85
5 86
6 18
4 24
4 8
5 53
6 36
5 56
4 65
5 63
5 76
5 14
5 73
4 73
6 40
5 24
4 3
5 16
4 30
4 3
6 30
6 83
4 12
5 79
4 64
6 53
4 76
6 86
5 56
4 94
6 88
5 54
4 89
5 58
5 48
5 76
5 42
5 69
4 73
4 96
4 27
4 52
4 37
5 21
6 66
4 96
4 63
4 34
6 10
5 77
5 26
5 20
6 42
4 0
6 61
4 61
5 4
5 44
4 49
5 14
6 95
4 96
6 30
6 95
5 58
5 64
5 15
4 29
4 14
5 29
5 77
4 1
4 47
6 52
5 5
6 66
5 23
5 39
4 62
6 39
6 70
5 81
4 3
4 95
4 93
4 48
6 0
4 12
4 12
6 10
4 77
5 25
5 89
4 60
6 86
5 54
4 33
5 42
5 22
4 82
6 69
4 95
6 91
4 30
5 82
5 55
6 19
5 37
4 63
6 48
5 32
5 14
4 94
6 35
4 20
5 16
4 88
4 15
5 3
4 98
6 17
5 64
4 41
5 53
6 59
5 54
4 1
4 33
4 87
4 0
6 18
6 80
5 10
5 80
6 21
4 47
4 40
6 65
4 64
5 32
4 80
4 52
5 88
4 87
5 13
6 98
4 91
4 53
6 54
6 3
5 10
6 44
4 13
6 22
5 16
4 87
5 46
6 100
5 53
5 94
5 99
5 87
4 95
4 85
5 45
6 59
6 55
5 1
5 67
4 93
4 15
6 100
4 50
4 91
4 60
4 5
5 62
5 32
5 9
6 85
4 86
5 96
4 5
5 50
6 27
5 36
5 98
6 54
5 76
6 14
4 22
4 79
6 38
4 18
6 72
6 63
6 16
4 55
4 85
4 59
5 34
6 37
4 53
4 60
6 77
4 30
5 6
6 84
6 8
5 81
6 69
5 70
6 72
6 60
5 48
6 43
5 94
4 46
6 19
6 11
5 3
6 24
6 100
5 6
5 38
5 99
5 17
4 0
6 80
4 17
6 79
4 67
4 17
4 86
6 70
5 87
6 35
6 37
6 13
4 59
5 86
4 20
5 42
6 69
5 97
4 50
6 56
6 82
6 90
6 90
5 49
6 90
6 78
4 30
4 89
6 23
6 13
5 55
4 85
4 81
4 77
5 48
6 42
6 30
5 51
4 34
6 62
4 100
5 12
4 100
4 2
4 4
5 77
6 18
6 19
5 2
5 74
4 95
6 7
4 37
5 10
4 21
6 60
5 89
6 30
5 82
4 41
4 9
6 21
6 67
6 91
6 69
6 84
5 66
5 5
6 88
4 36
6 16
5 30
6 64
4 76
6 6
5 24
4 12
6 63
5 58
5 32
5 68
4 57
5 92
4 95
4 45
4 76
5 73
4 17
5 4
5 57
5 48
4 58
5 48
4 30
6 27
6 72
5 11
6 74
5 34
6 75
6 40
5 48
4 33
4 51
6 19
4 15
6 54
4 61
6 23
6 95
6 97
6 26
6 3
5 48
5 52
4 90
6 25
6 23
4 33
6 83
4 2
6 91
4 90
6 24
4 28
5 35
4 80
6 46
5 79
6 64
5 74
6 73
5 19
4 25
5 67
4 73
5 63
4 25
4 62
4 40
5 38
5 46
4 94
6 66
6 73
6 98
4 50
5 5
5 40
4 40
6 99
4 40
5 54
5 6
4 26
5 81
5 89
5 94
6 98
6 73
4 86
5 99
5 82
5 38
5 71
6 14
6 9
5 19
6 46
4 14
6 32
5 93
4 30
4 66
5 97
5 8
5 77
5 65
4 83
6 82
6 53
6 59
5 42
4 98
6 90
4 16
5 69
5 55
4 71
4 43
4 78
6 85
4 6
6 78
6 0
6 48
4 5
5 69
5 12
6 60
5 92
6 81
6 37
6 73
6 24
6 31
4 90
6 45
6 72
4 67
6 43
4 19
4 81
5 1
6 61
5 44
4 3
4 64
6 31
4 67
5 82
6 20
5 37
5 63
6 50
4 8
6 76
5 50
4 5
6 94
5 76
5 43
5 62
5 38
6 98
6 79
4 25
6 65
4 28
4 28
6 52
4 37
6 81
5 21
6 22
5 88
4 93
4 75
6 7
4 46
5 17
4 83
5 16
4 11
5 94
6 48
5 87
6 2
6 50
4 62
4 26
5 95
6 47
6 66
4 58
6 79
6 37
4 44
6 89
6 16
5 3
6 25
5 2
6 53
6 88
6 66
5 57
6 11
5 35
6 20
4 26
5 90
4 89
4 82
6 64
6 90
6 4
5 68
6 51
6 29
6 43
5 68
4 11
4 1
5 47
5 18
5 66
6 8
4 87
4 20
4 67
6 21
5 61
5 28
5 25
4 35
6 5
4 89
6 81
5 91
4 38
6 28
4 1
5 25
4 10
6 70
5 42
5 41
5 33
4 93
5 24
5 99
6 55
4 47
5 49
6 41
4 85
5 50
5 4
4 98
6 58
6 27
4 7
5 40
5 92
4 80
5 78
5 91
5 4
4 18
6 46
5 46
4 35
6 80
6 48
5 69
6 22
6 77
6 28
4 90
5 20
4 0
4 79
4 44
6 11
5 13
6 4
5 18
4 15
6 11
5 41
6 71
4 43
5 45
5 51
6 80
6 95
4 47
6 94
6 90
4 65
4 32
5 88
5 83
6 59
4 91
5 33
5 16
5 12
4 69
5 77
4 99
4 17
5 33
6 25
4 24
5 42
4 76
6 95
6 90
6 60
5 78
5 99
5 11
4 28
6 13
6 77
4 29
6 41
6 62
4 80
6 31
4 68
6 86
4 70
5 70
5 48
4 79
6 4
6 97
5 48
5 44
4 51
5 17
5 42
5 29
6 58
5 36
6 55
4 74
6 78
5 73
6 38
5 25
6 88
5 46
4 51
6 38
5 83
6 1
6 73
6 66
5 77
5 95
4 21
5 90
6 9
4 21
5 77
6 11
4 86
4 86
6 97
5 43
6 18
5 94
5 60
4 66
4 17
5 75
4 95
4 50
6 7
4 94
5 35
6 51
6 70
4 66
5 39
5 31
5 38
4 12
4 61
4 57
4 5
4 37
4 86
5 84
4 64
5 19
4 47
5 44
4 89
4 95
4 36
6 92
6 34
5 63
5 0
5 31
4 84
5 57
4 42
4 94
6 4
6 22
5 75
6 64
6 0
4 71
4 41
5 73
5 6
6 10
5 89
5 91
4 37
5 97
6 20
6 12
5 42
5 31
6 3
4 92
4 32
6 33
4 73
4 97
4 28
6 15
6 5
6 37
6 74
6 81
5 37
5 51
5 13
4 82
4 76
4 60
4 4
5 67
4 89
5 36
5 2
5 62
6 8
6 94
6 34
5 47
5 78
6 11
6 62
4 29
6 67
4 58
5 62
4 41
6 6
5 65
5 38
4 39
4 100
4 74
5 21
6 100
4 85
5 59
4 97
5 74
4 94
6 38
4 13
5 0
6 70
5 26
4 94
5 88
5 68
5 41
5 91
6 34
5 41
4 61
6 11
4 73
5 75
4 96
4 68
4 60
5 34
4 15
6 56
5 4
4 37
6 100
4 35
4 98
5 66
6 10
6 23
5 0
6 85
6 84
4 45
5 24
5 36
5 51
4 74
5 13
5 99
5 29
4 26
5 97
5 50
6 99
5 94
6 66
6 61
6 0
4 51
6 11
6 71
5 83
5 43
5 17
6 65
4 73
4 84
4 18
4 69
5 82
6 37
6 57
4 30
5 34
6 91
4 97
6 96
5 98
5 63
4 0
4 91
4 3
4 53
4 7
5 9
5 47
6 74
5 28
4 93
5 79
6 91
6 66
6 4
5 19
4 85
6 91
6 55
6 64
4 56
5 3
5 40
6 11
4 71
4 18
4 40
6 70
6 30
4 54
5 17
5 83
5 74
5 9
6 66
5 18
4 33
6 41
4 65
6 87
5 2
4 89
6 61
6 39
5 16
4 89
5 85
5 92
4 84
5 23
5 33
5 4
6 2
6 95
4 2
5 36
6 53
4 17
5 45
4 49
5 11
4 12
5 2
5 51
4 52
6 46
5 73
4 83
6 4
5 93
5 60
4 7
6 83
4 13
4 64
6 73
5 35
5 81
5 58
6 86
6 14
4 23
4 88
6 0
4 38
4 31
5 72
5 75
4 67
5 34
6 98
6 64
5 1
4 12
4 36
4 24
6 58
6 20
4 81
4 83
5 41
4 93
4 96
4 77
6 42
4 15
5 49
4 83
5 56
5 77
6 66
5 57
6 1
5 62
6 64
5 93
6 78
5 91
5 18
6 55
5 20
5 5
6 14
4 29
6 100
5 26
5 14
4 100
6 93
5 90
5 13
5 67
6 69
6 77
5 12
5 92
6 21
5 61
6 21
5 93
5 56
5 6
6 54
5 41
6 7
4 26
6 16
6 93
5 56
4 9
6 24
5 36
5 77
6 79
5 34
4 58
4 58
5 53
5 95
5 95
6 42
4 93
5 40
4 20
6 9
4 16
4 35
4 21
6 26
4 11
5 12
4 65
4 63
6 61
5 77
6 51
6 66
5 15
5 38
5 59
5 79
6 0
5 30
4 93
6 10
4 21
4 77
4 61
4 53
4 38
1365 4617 9849929
4 23
4 48
6 45
6 43
5 87
6 47
6 24
6 41
4 57
6 29
5 30
5 65
5 77
4 78
4 10
5 48
5 52
4 90
4 86
6 94
6 44
4 29
4 78
4 78
4 79
4 82
6 89
4 18
6 28
4 22
5 55
4 30
6 76
5 1
4 40
6 35
4 78
4 38
5 47
6 51
4 92
6 0
5 38
4 74
6 72
5 95
4 82
6 54
6 53
5 85
6 48
5 25
5 96
4 84
6 50
4 55
5 7
5 65
5 25
6 77
5 9
6 51
6 67
4 62
4 14
5 7
5 85
5 62
6 78
6 55
5 46
6 55
5 20
6 0
6 50
4 12
6 18
5 68
6 69
6 43
5 51
4 42
5 59
4 8
4 5
4 34
6 4
5 32
4 13
6 35
5 77
4 19
4 44
6 3
6 79
4 66
6 85
5 59
4 80
5 55
6 68
6 14
5 28
4 85
4 5
5 3
6 52
6 62
5 61
6 85
5 38
6 87
4 86
5 17
6 48
5 94
6 33
5 7
6 91
6 35
5 0
6 20
4 59
4 98
4 56
5 52
6 4
5 97
6 48
5 26
4 88
6 15
6 4
4 93
4 87
5 90
4 78
5 5
5 98
4 21
4 73
6 66
5 7
6 84
6 49
4 52
5 19
6 63
5 60
6 58
4 68
5 1
5 99
4 48
4 21
5 2
5 88
4 23
6 61
5 60
5 10
4 48
6 53
4 2
6 84
4 95
5 26
4 57
4 22
4 16
5 16
6 62
5 79
6 29
6 73
5 81
4 7
5 67
6 48
4 68
5 90
5 89
5 52
6 3
4 16
5 71
6 85
5 11
4 13
4 23
6 63
6 72
6 67
4 34
4 82
4 9
6 25
5 22
4 56
6 25
6 50
6 5
5 83
4 78
6 69
5 86
4 77
6 24
5 19
4 38
6 37
4 46
5 82
6 30
5 9
5 85
5 56
5 54
6 59
4 85
5 79
6 6
5 60
5 90
6 55
5 4
6 95
6 6
4 54
6 12
6 91
6 89
6 72
5 88
5 30
5 87
5 74
4 49
6 42
6 80
5 81
4 12
5 0
6 20
4 87
4 24
6 98
5 44
6 60
6 76
5 68
5 12
6 63
6 19
5 88
4 54
4 16
5 50
6 29
4 5
4 9
5 38
5 94
6 63
4 5
4 1
4 29
5 2
5 66
4 74
6 63
6 37
4 76
6 44
5 73
6 73
5 82
6 59
4 3
4 74
6 16
6 29
4 93
5 21
5 97
6 24
5 100
6 93
6 92
6 33
4 45
5 67
4 24
4 68
6 47
5 76
4 59
5 3
5 51
6 90
6 97
5 98
4 17
5 96
5 42
4 17
4 62
5 20
4 92
4 88
5 33
6 6
6 90
6 35
5 53
4 32
5 32
6 67
5 54
5 68
5 25
5 81
5 35
5 20
5 98
4 19
6 25
6 19
5 36
6 18
6 19
6 96
5 84
5 68
6 64
4 3
4 98
5 24
6 1
4 40
5 92
4 98
4 59
6 40
4 78
5 77
6 93
5 52
6 38
6 41
6 32
4 34
5 6
6 20
4 79
4 78
5 74
5 4
5 11
6 78
5 60
4 77
6 100
4 10
5 38
4 79
5 59
4 85
5 46
4 85
6 12
6 24
4 61
4 30
6 25
5 92
6 23
6 81
5 33
4 85
5 74
6 59
6 93
6 21
6 43
5 49
6 82
6 41
6 6
5 9
4 59
6 58
6 71
4 89
4 14
4 53
5 3
6 30
4 44
4 43
4 17
4 72
5 79
4 3
6 3
6 83
5 58
5 72
6 22
4 73
5 33
6 13
5 85
4 25
5 75
4 15
4 22
5 84
4 11
4 43
5 15
4 28
6 99
6 65
5 51
5 6
4 47
5 82
5 89
6 97
6 3
4 71
4 71
4 89
5 47
5 19
5 13
4 23
5 64
4 11
4 93
6 69
4 90
4 63
5 8
6 72
6 83
5 60
6 78
5 96
4 50
5 40
4 87
5 96
4 100
6 8
4 17
5 57
4 37
6 32
6 77
4 75
6 1
5 99
5 42
5 66
6 78
6 74
6 84
4 61
5 1
4 12
5 87
6 99
4 78
5 52
5 41
5 52
4 65
5 100
6 0
5 77
5 87
4 88
6 62
4 62
5 20
6 58
4 55
5 44
6 86
5 48
6 14
4 40
4 81
6 25
6 31
5 53
4 75
5 55
5 20
6 36
5 26
5 35
6 78
5 100
6 13
5 11
5 85
6 62
4 92
5 74
4 8
5 60
5 69
6 31
4 4
4 78
5 86
4 90
6 39
5 44
5 31
5 20
6 61
4 54
5 47
6 64
4 29
6 12
6 43
6 61
6 58
5 46
6 24
6 8
4 77
6 57
4 23
5 74
4 94
4 37
4 12
5 85
5 100
4 46
5 31
5 17
4 93
5 50
6 6
6 45
5 90
4 77
4 19
4 13
4 89
5 81
6 87
4 85
6 58
5 78
4 19
6 81
4 8
4 10
4 35
6 45
5 28
6 65
4 92
4 19
4 28
5 5
4 43
4 71
4 14
6 29
6 57
4 20
6 26
6 28
4 49
4 80
4 70
4 98
6 73
6 85
6 100
4 17
6 22
5 57
5 57
4 3
6 38
6 7
5 85
4 11
4 59
6 35
4 22
4 12
4 79
4 31
6 86
6 21
6 55
4 23
6 91
5 75
6 90
5 97
4 54
6 32
4 3
6 75
4 68
4 60
5 30
4 82
6 43
4 38
6 84
6 39
4 34
6 16
4 42
6 38
4 87
5 79
6 80
4 56
6 9
4 2
6 8
4 65
4 95
6 74
6 31
6 19
5 20
4 70
5 69
5 75
4 47
6 85
5 90
6 85
5 79
6 9
4 42
5 54
6 85
4 10
4 1
5 7
5 69
4 53
6 97
5 73
5 86
6 48
6 1
6 0
6 55
5 100
6 51
6 31
5 81
4 13
5 56
6 62
5 11
5 31
5 97
6 60
6 57
4 17
5 87
5 57
4 9
5 86
5 23
4 90
4 76
4 67
6 69
4 82
5 29
4 11
6 99
6 84
5 40
6 1
5 9
4 5
4 55
5 9
6 71
4 82
5 18
6 74
6 80
5 96
6 53
4 77
6 65
6 34
6 14
5 71
4 73
4 92
6 53
6 37
4 41
6 49
5 50
6 12
5 42
6 4
5 13
6 3
6 74
6 26
6 87
6 61
5 22
6 47
6 20
5 42
5 97
5 1
4 69
6 73
6 48
6 39
5 2
6 76
4 90
4 29
4 19
4 52
4 40
6 4
6 40
5 51
6 24
5 89
6 5
5 73
4 19
5 54
6 65
4 7
6 25
5 36
5 27
4 1
5 2
4 61
5 99
6 80
4 93
4 52
4 13
5 39
6 7
4 84
4 41
4 46
6 80
5 76
4 98
4 64
4 52
6 47
5 28
4 84
6 45
6 78
6 30
5 10
5 29
6 0
6 10
4 73
4 32
4 80
6 68
4 66
4 69
6 12
5 71
4 53
5 59
4 49
6 95
4 17
6 55
4 44
5 23
4 72
4 84
5 46
6 40
4 54
6 54
4 53
4 16
5 86
4 19
6 61
4 93
4 93
5 0
6 93
5 3
5 86
5 30
4 52
4 39
4 15
4 37
4 76
5 40
6 15
6 27
5 12
6 96
4 6
4 89
6 71
5 88
6 63
4 43
6 51
6 60
6 89
6 97
4 1
5 31
4 42
4 92
6 1
5 14
6 82
5 89
6 54
6 80
5 82
6 58
5 30
6 44
5 28
5 39
6 52
6 67
5 34
4 0
6 0
5 1
6 19
5 76
4 21
6 87
4 29
4 19
4 83
6 41
5 11
5 53
5 90
5 75
6 80
4 91
4 63
4 70
5 98
4 43
4 74
4 86
6 17
4 77
5 60
4 27
4 94
5 32
6 2
6 32
6 29
4 59
5 90
5 65
6 90
4 10
6 41
4 54
4 2
4 62
6 26
4 99
6 19
5 7
5 97
4 95
6 30
6 11
6 8
4 96
4 30
5 10
5 79
6 30
4 82
4 63
4 97
5 99
6 21
6 52
5 11
5 30
6 46
5 86
5 45
4 52
5 37
4 82
6 79
4 78
4 57
5 89
4 88
6 36
5 10
4 87
5 44
4 46
4 96
6 98
4 72
4 43
4 0
4 25
6 47
6 82
5 84
5 87
4 12
6 96
6 28
5 92
6 32
6 82
6 20
6 26
6 31
5 61
5 58
4 27
4 94
5 55
6 71
5 65
5 32
5 39
6 73
4 34
4 55
4 23
5 84
4 23
4 8
4 32
4 39
5 85
4 31
5 8
6 20
5 35
6 93
6 86
6 1
5 46
5 80
6 59
4 64
6 37
6 48
4 76
5 61
4 1
5 75
5 90
6 45
4 68
4 59
5 3
6 7
6 44
6 48
6 33
5 25
4 94
5 91
6 61
6 68
6 19
5 71
6 47
5 1
5 54
4 49
4 94
4 65
5 64
5 90
4 28
4 5
5 10
6 56
5 50
6 89
4 44
5 79
4 1
4 18
5 94
6 36
6 85
5 37
5 43
6 60
4 35
4 61
4 11
6 14
5 14
6 98
6 12
6 17
5 89
6 51
6 66
5 81
5 40
5 45
5 98
6 87
6 30
5 82
5 11
5 15
5 4
4 74
5 54
4 96
5 25
5 79
4 76
6 39
4 45
4 23
5 38
6 64
5 6
5 45
4 3
4 71
6 62
4 28
5 84
5 18
5 44
4 75
5 26
4 86
5 9
6 88
6 18
6 17
4 47
6 79
4 53
6 65
5 19
6 27
5 96
4 51
6 64
4 72
4 31
4 18
6 65
4 19
5 80
4 46
5 15
5 73
5 98
5 71
4 39
4 27
6 10
6 11
4 84
5 70
4 91
5 9
5 76
5 33
5 45
4 97
4 62
6 72
5 41
6 47
4 59
6 6
6 16
6 32
5 10
6 76
4 34
4 90
5 27
6 56
4 63
6 47
4 68
6 30
6 86
4 13
4 87
6 33
6 4
5 8
4 41
6 98
4 37
4 54
4 0
5 34
6 35
4 4
4 93
6 45
5 67
4 70
4 99
5 16
5 89
5 100
6 72
6 45
6 64
4 13
4 54
5 0
6 68
6 86
5 80
4 58
5 23
6 10
6 55
6 60
6 41
4 37
5 80
4 46
6 45
5 70
4 66
6 40
5 87
5 75
6 43
5 85
4 24
6 61
4 50
4 0
6 56
5 29
4 2
6 37
6 59
4 53
5 47
6 75
6 34
6 91
6 16
4 74
6 4
5 32
5 58
6 24
5 46
6 30
4 71
6 56
4 49
5 1
5 79
6 44
5 100
6 47
6 71
4 22
5 14
4 20
5 71
5 37
6 23
4 66
5 72
6 4
5 12
6 82
6 57
5 38
6 12
5 59
5 6
6 54
5 52
5 85
5 64
4 87
5 71
6 8
6 28
6 0
5 10
4 34
4 18
4 38
6 56
5 17
6 12
6 30
4 92
5 2
6 5
6 37
5 79
6 6
4 21
4 21
4 26
4 89
6 40
4 2
6 32
6 71
5 51
5 88
5 76
6 49
4 56
5 53
6 67
4 57
5 7
5 56
4 0
4 36
4 60
4 81
5 58
5 65
4 7
5 20
6 47
4 29
4 63
4 32
4 63
6 43
6 93
4 20
4 2
6 75
4 0
6 82
6 91
4 54
5 40
6 69
4 19
5 94
5 76
4 24
6 86
4 52
6 96
4 7
5 45
5 89
4 2
4 46
6 55
4 34
6 35
5 56
4 43
6 33
5 92
5 83
4 54
4 15
6 67
5 16
4 18
6 15
4 20
6 64
4 36
6 28
5 29
6 27
5 90
5 95
6 35
5 13
6 42
4 33
5 31
5 11
6 93
6 97
5 60
4 51
6 46
4 51
4 37
5 57
5 97
4 19
5 48
6 21
4 0
4 79
5 30
6 58
4 34
6 46
6 49
4 83
4 21
4 58
5 24
6 87
6 66
5 7
6 65
4 33
6 59
5 78
6 35
4 100
4 3
4 42
6 45
1161 4617 6834546
5 30
4 20
5 45
4 9
4 24
5 100
6 100
4 20
6 11
6 41
4 5
6 95
4 6
6 95
4 39
6 32
4 8
5 54
5 2
4 52
5 74
4 59
4 17
6 13
4 82
5 65
5 23
6 30
6 87
5 35
6 44
6 8
4 32
6 5
6 97
5 89
6 30
5 29
4 30
4 20
6 64
4 20
6 23
5 100
5 29
4 21
5 70
5 20
5 64
4 60
6 14
6 25
5 40
5 57
6 8
6 51
6 61
5 35
5 37
5 28
4 65
4 61
5 81
5 14
5 0
6 64
5 31
6 5
4 64
5 97
5 98
6 24
4 10
5 43
6 96
6 99
6 78
5 95
5 97
6 8
6 64
4 70
4 63
6 36
4 97
5 91
6 45
6 26
5 1
5 49
5 32
6 85
4 66
4 73
5 10
5 48
6 74
5 26
4 64
5 58
4 83
5 43
6 100
4 96
5 54
4 90
4 97
5 32
5 35
5 39
6 28
4 82
4 0
6 84
5 42
5 98
4 66
4 82
5 67
4 23
4 91
4 51
5 29
4 54
5 97
4 60
4 65
4 75
6 78
6 58
6 90
6 6
5 65
6 89
6 63
5 29
5 11
4 92
6 63
6 8
6 14
5 97
4 95
4 62
6 40
5 5
6 28
5 1
5 95
4 28
4 23
4 93
5 12
4 65
4 41
5 21
5 65
6 41
6 49
5 72
4 49
5 33
4 73
5 75
5 26
5 89
5 97
5 29
6 62
4 27
6 70
5 58
6 53
4 74
5 3
6 52
4 13
4 96
5 94
4 54
5 98
5 94
6 10
6 24
5 22
5 52
5 35
6 30
5 12
4 47
6 75
4 15
6 63
4 41
5 96
4 91
6 33
6 79
5 61
5 18
5 84
4 86
4 16
4 44
5 13
6 97
6 22
5 31
4 37
6 64
4 0
6 24
6 64
6 71
4 36
4 93
5 83
4 78
4 54
5 83
4 38
5 67
5 37
5 81
5 77
5 47
6 14
4 100
6 20
4 68
5 80
4 13
5 40
6 39
6 84
6 77
6 36
6 63
6 18
6 71
5 66
5 43
5 60
4 80
6 50
6 57
4 61
5 25
6 28
6 67
4 43
5 62
6 72
4 74
4 43
6 81
5 60
5 71
4 84
4 27
4 85
5 52
4 46
4 78
5 65
6 96
6 100
4 87
6 90
5 24
6 65
5 99
6 23
5 64
5 63
6 70
6 51
6 27
4 71
4 27
4 11
5 95
6 63
4 6
6 31
6 17
5 3
4 91
4 41
4 80
4 23
5 50
6 84
6 59
5 89
5 17
6 2
4 13
6 11
5 15
4 38
6 80
6 2
6 16
5 42
4 66
6 74
6 93
6 56
4 66
4 48
4 40
6 26
5 47
6 6
5 25
4 35
5 23
4 7
4 1
6 97
4 43
5 26
6 20
4 51
5 13
5 56
6 40
6 37
4 63
5 9
6 94
4 31
6 96
5 94
4 44
6 59
4 20
6 48
6 72
5 84
4 51
4 36
4 75
6 49
4 21
5 80
4 20
5 23
6 7
6 1
6 63
6 44
5 85
4 99
4 84
5 22
5 70
5 33
6 47
5 90
5 74
5 99
5 62
5 44
5 18
4 27
4 83
4 95
4 91
4 83
5 42
4 53
5 66
5 34
4 46
5 97
4 87
6 86
6 26
6 93
5 39
6 56
4 38
5 23
4 43
4 4
4 87
5 13
4 32
6 84
6 12
6 18
6 27
5 34
6 0
6 34
5 16
5 31
6 62
5 90
5 13
5 3
5 68
6 78
6 90
4 83
5 11
5 54
6 14
6 32
4 67
6 28
5 33
6 35
4 30
5 17
6 15
5 56
6 36
6 14
4 48
5 54
4 18
4 36
6 78
5 70
5 58
6 95
4 82
6 56
6 42
5 59
4 22
6 66
5 45
6 57
6 78
6 24
4 39
5 49
4 98
4 71
6 50
4 32
6 78
5 72
6 51
5 72
6 91
5 6
4 61
4 69
6 87
6 69
4 98
6 77
6 34
6 42
4 36
6 89
6 98
4 15
5 5
6 93
6 3
5 26
5 66
6 32
4 75
4 61
6 99
5 100
6 37
5 92
4 80
6 43
4 65
5 65
5 77
4 63
4 83
6 26
6 58
6 38
5 15
6 61
5 0
5 56
4 67
5 52
5 56
6 37
5 90
5 69
5 7
6 29
6 95
6 73
5 89
5 74
5 30
6 20
4 80
5 65
6 59
6 37
5 97
5 31
4 41
6 26
5 33
6 36
5 54
5 31
5 88
4 65
5 99
4 82
5 55
5 81
6 57
4 91
5 39
4 55
6 33
6 20
6 4
6 78
4 36
6 46
5 5
4 84
6 100
4 68
6 65
5 6
5 43
6 86
5 17
5 12
4 73
5 66
6 7
4 9
6 40
5 26
6 98
4 100
6 41
4 16
6 70
4 25
4 99
6 51
6 11
6 90
6 52
4 27
6 34
5 55
4 74
6 25
6 58
6 89
6 63
5 9
6 30
6 15
6 55
6 79
5 88
4 37
5 59
6 65
5 7
6 53
4 70
6 61
6 84
5 15
5 10
4 81
6 5
6 60
4 95
5 79
4 63
4 91
4 47
6 75
6 12
6 48
6 27
5 58
4 1
5 83
5 83
5 10
5 85
5 72
5 87
5 69
5 37
6 64
4 88
4 97
4 31
5 66
5 71
6 29
5 12
4 12
5 36
6 55
6 85
4 44
5 20
6 96
4 57
5 35
4 34
5 44
5 11
6 38
4 51
5 43
4 14
5 70
4 89
5 75
5 54
5 36
6 45
4 54
4 73
5 62
6 1
6 76
6 26
5 1
6 98
5 20
4 59
5 1
4 29
4 71
4 97
6 49
5 32
6 73
6 0
5 15
6 14
4 2
5 74
5 55
6 16
6 3
4 83
5 50
4 44
6 59
6 95
6 40
5 95
6 46
6 97
6 25
6 47
4 61
6 14
5 30
6 78
4 38
4 76
5 60
6 5
6 96
5 15
4 90
4 87
4 77
4 31
5 74
4 9
4 98
6 75
5 80
6 1
4 27
4 20
6 88
6 47
6 80
6 17
4 16
4 95
6 68
5 71
5 10
5 61
6 53
4 14
4 60
6 86
6 48
6 2
4 100
6 10
6 67
4 59
5 24
6 50
4 7
5 90
6 62
6 67
4 85
6 49
5 59
4 8
5 13
4 11
4 100
6 22
5 66
5 12
6 73
5 56
5 17
5 16
6 68
6 17
5 25
4 7
5 46
4 44
4 39
5 63
4 27
5 96
5 39
4 48
4 15
6 84
4 40
6 60
4 64
5 63
6 22
4 35
6 18
4 9
5 45
6 53
4 59
5 61
6 38
4 2
5 12
4 44
4 22
5 18
5 2
6 62
6 4
5 93
6 14
5 82
5 22
4 14
4 53
4 28
4 82
4 4
4 83
6 87
4 7
5 7
4 86
4 71
6 31
6 84
5 27
6 20
4 89
5 5
5 61
5 91
5 52
5 4
5 48
5 53
6 18
4 49
5 11
6 74
4 61
4 8
6 31
4 48
5 37
4 62
5 74
6 13
6 56
6 80
4 41
4 90
5 58
5 55
4 98
4 70
6 54
5 48
4 16
4 93
6 33
6 13
6 22
5 6
5 79
4 81
6 78
4 84
5 77
6 82
5 44
4 47
6 62
5 94
6 89
5 90
5 21
4 21
6 65
5 35
5 56
4 2
6 57
6 92
4 42
5 45
5 45
5 46
6 40
4 46
6 41
5 19
4 50
5 4
6 61
5 63
4 60
4 62
5 11
5 17
5 75
4 36
6 12
5 41
5 45
4 95
4 46
6 85
5 9
4 38
6 11
6 18
4 11
4 71
6 72
5 80
4 79
6 43
5 83
4 22
6 61
4 43
5 15
4 83
6 19
5 45
5 76
6 53
5 75
6 100
4 16
6 5
4 95
5 0
5 64
5 76
5 73
6 40
6 99
5 58
4 83
5 29
5 51
5 33
4 43
5 26
4 47
6 38
6 54
5 61
4 17
4 52
4 77
4 40
5 24
5 18
6 47
6 38
4 69
4 25
5 68
4 25
5 56
6 95
4 28
4 21
5 56
5 4
4 85
6 68
5 24
6 66
6 63
4 21
5 8
5 2
4 25
5 29
6 100
5 3
4 30
5 94
6 40
6 98
4 43
6 6
5 78
5 51
4 38
6 21
6 91
4 67
5 62
4 26
4 92
4 73
4 33
6 40
6 35
4 58
4 17
5 98
4 30
6 2
4 27
5 43
6 54
5 69
5 25
5 54
4 40
4 11
5 68
4 2
4 3
6 71
5 1
6 59
5 48
4 88
6 100
5 11
4 72
5 98
4 37
5 72
5 77
5 19
5 3
6 18
6 84
6 4
5 90
5 59
6 36
4 65
6 99
4 34
5 47
6 74
5 75
6 34
5 88
4 38
4 34
5 34
6 51
4 80
4 47
6 51
6 15
6 29
4 57
6 86
6 2
5 56
6 59
5 57
6 64
6 70
5 38
4 85
6 38
4 9
5 41
5 73
4 64
6 18
5 67
5 82
4 5
5 65
6 67
6 47
5 35
6 0
4 86
5 89
4 64
5 86
6 69
5 30
4 3
5 20
6 48
6 19
5 18
6 37
4 21
4 68
5 0
5 96
5 88
6 7
6 69
6 78
5 6
4 94
4 5
5 1
4 59
5 39
6 13
6 35
5 0
4 37
5 63
4 41
6 59
4 88
4 64
6 4
5 18
5 92
5 27
5 65
4 5
4 9
4 89
6 67
6 99
6 13
4 51
4 68
5 30
4 16
5 29
6 69
4 98
6 25
5 39
5 4
4 95
6 22
6 9
5 47
4 32
6 64
6 40
6 76
6 52
6 34
6 85
5 94
4 0
5 21
4 63
6 76
4 94
5 46
6 6
4 78
5 25
6 44
5 18
6 78
6 98
5 43
4 86
5 93
5 69
6 65
6 13
4 7
4 70
4 60
5 37
6 33
5 77
6 14
5 1
4 83
4 58
5 54
6 16
6 79
5 83
6 70
4 86
4 89
5 54
5 10
4 17
5 33
6 64
6 36
5 21
5 55
5 90
4 9
4 69
5 83
5 17
6 30
6 100
6 99
4 27
5 97
4 24
6 31
4 49
5 43
6 5
1354 4617 4578342
4 48
6 20
6 25
4 68
5 80
5 64
5 56
6 0
5 43
6 76
4 71
6 15
5 72
6 57
4 13
4 40
4 44
6 67
6 55
4 73
5 32
5 16
4 21
5 30
4 18
6 85
5 82
4 30
6 46
5 27
4 13
6 21
5 78
4 77
5 21
6 11
6 69
5 67
4 17
6 43
5 90
6 56
5 87
4 10
5 72
4 43
5 5
5 31
5 22
4 80
4 39
6 47
4 71
6 52
5 94
5 71
5 100
4 1
6 21
6 64
6 45
5 8
4 38
6 67
4 71
6 51
4 84
4 37
6 66
5 2
5 78
6 62
6 81
6 1
5 23
4 0
4 51
5 16
4 2
5 16
4 11
4 59
6 63
6 54
4 50
6 1
4 5
4 80
5 73
6 13
6 23
4 54
4 30
4 35
5 46
4 51
6 67
6 26
5 4
6 36
6 44
5 67
6 91
5 48
5 93
4 88
5 11
4 65
5 16
4 55
6 80
6 49
6 3
4 5
6 74
6 78
6 38
6 94
5 19
4 32
6 15
5 37
6 87
4 57
6 8
5 51
4 77
4 99
6 25
5 22
5 28
6 4
5 38
6 46
5 25
5 13
4 25
6 72
6 68
6 61
6 89
4 52
5 47
4 85
5 67
4 96
4 54
4 79
5 71
4 12
4 38
4 79
6 83
5 62
4 61
4 46
5 49
6 83
6 98
4 51
5 41
5 60
5 64
4 64
6 54
4 46
5 56
5 1
5 51
4 81
6 100
6 25
5 62
6 99
4 45
5 93
4 9
4 24
6 84
5 42
6 17
4 52
4 80
6 2
6 28
4 4
4 10
6 48
5 95
4 69
4 80
6 18
5 38
5 70
6 70
5 6
5 1
6 76
6 74
5 9
4 30
4 74
5 8
4 67
4 25
5 71
4 40
4 85
6 38
4 38
4 72
4 7
4 2
4 67
5 38
4 56
5 10
5 9
6 48
6 86
6 11
5 8
6 48
6 61
4 86
5 71
4 0
5 20
6 61
5 2
6 67
5 100
5 14
6 54
6 18
6 94
4 23
5 60
5 29
6 62
4 31
4 81
4 31
5 35
4 88
4 79
4 39
6 28
5 40
5 38
4 71
4 81
4 45
6 3
5 67
6 55
6 52
5 15
4 90
6 47
5 19
5 76
6 55
6 61
5 91
6 47
4 100
5 64
5 65
5 43
6 90
5 18
5 83
4 47
4 78
6 76
4 9
5 68
4 70
4 38
5 9
5 19
5 35
6 8
4 60
6 82
5 27
6 3
4 13
6 17
4 15
5 77
5 12
4 17
5 18
6 82
6 24
6 72
6 16
5 89
5 4
4 81
4 60
5 74
5 31
6 23
6 36
4 89
5 87
4 54
4 58
4 23
5 48
4 0
4 89
6 5
4 60
4 94
4 17
4 85
6 19
4 51
4 37
6 22
4 10
5 47
6 77
5 56
5 66
5 6
4 27
5 35
6 49
6 50
5 69
5 62
6 18
5 92
5 38
5 9
4 57
5 13
5 37
4 16
4 27
6 18
6 49
4 17
6 3
6 32
5 48
4 76
4 29
6 45
4 8
6 51
6 43
5 24
6 51
5 25
5 62
4 43
5 6
6 65
5 17
5 64
4 1
5 75
5 4
6 76
4 3
5 57
5 82
4 30
6 74
4 63
4 24
6 34
4 98
4 52
5 2
6 99
6 66
5 85
5 100
5 53
6 35
5 77
4 57
6 78
4 3
4 56
4 63
4 5
6 5
5 100
5 4
5 12
4 32
6 40
4 48
5 48
6 22
5 55
6 46
4 1
5 34
4 79
4 72
6 38
4 44
5 17
6 51
5 15
4 11
5 59
4 44
6 3
4 59
6 95
4 36
5 54
4 100
4 84
4 7
5 96
4 94
4 5
5 26
5 29
5 14
5 0
5 39
6 98
6 32
6 36
5 37
6 42
6 100
5 95
5 20
6 78
5 82
4 74
4 55
6 61
5 3
5 44
4 54
4 98
6 30
6 22
6 21
6 40
4 6
4 24
4 17
4 98
5 6
5 65
6 9
5 31
6 44
4 90
4 74
6 67
4 89
6 56
5 18
6 63
5 43
5 58
4 74
5 68
5 11
4 69
5 97
5 40
6 78
4 90
4 46
6 79
4 73
6 32
6 45
4 92
5 59
5 8
5 59
6 75
4 21
5 88
4 54
4 70
6 13
6 71
6 29
6 65
5 58
5 37
5 34
4 82
6 78
6 17
6 89
6 2
5 52
4 51
6 54
4 16
6 46
6 99
4 37
5 39
6 38
6 56
6 25
6 32
4 73
4 21
6 10
5 76
5 20
5 14
4 16
5 8
6 28
5 54
4 97
4 18
5 84
6 74
4 52
4 75
6 35
5 68
5 37
4 24
6 54
4 50
6 66
4 87
4 82
4 74
5 66
6 4
4 91
5 21
6 55
6 88
6 60
6 95
5 55
5 86
6 91
5 33
5 36
5 87
6 39
6 90
5 18
6 58
4 80
5 31
5 48
6 29
6 59
5 23
6 29
6 70
6 99
4 81
4 56
5 66
4 83
4 71
5 33
6 17
6 68
5 31
6 30
5 79
4 32
6 32
4 9
6 29
4 85
6 28
6 70
6 40
6 21
6 22
5 93
4 4
4 98
4 78
6 19
4 46
5 47
6 35
6 82
4 93
5 54
4 75
6 30
4 87
4 1
5 68
5 81
4 10
6 21
4 34
6 6
5 38
6 29
6 99
4 22
4 35
6 5
5 21
6 36
6 98
5 17
4 94
6 29
5 41
6 36
5 94
6 68
4 6
6 16
6 67
4 58
4 34
6 84
4 90
4 56
5 99
5 55
6 39
5 7
4 11
4 4
6 31
5 52
5 69
4 52
6 1
4 62
4 98
6 97
4 73
6 23
5 88
4 40
6 73
6 94
5 42
6 39
4 71
6 41
6 99
5 44
4 59
4 50
4 63
6 64
5 82
6 19
5 2
6 93
4 65
6 35
6 45
4 57
4 16
5 36
4 94
4 78
5 81
5 57
6 22
6 85
6 38
4 48
4 50
6 33
4 86
6 73
5 13
6 43
6 91
5 93
4 14
5 23
6 58
5 25
4 75
4 37
6 50
5 73
6 35
4 20
4 89
6 31
6 91
6 25
4 50
6 79
4 15
5 84
5 42
6 9
4 27
6 19
4 53
5 52
4 97
6 64
5 51
4 41
5 72
4 80
4 53
6 8
4 79
5 29
4 17
5 37
4 84
4 20
6 21
6 68
4 18
5 84
6 52
4 47
6 82
4 0
6 21
6 46
4 40
6 49
4 0
4 64
6 42
6 13
4 99
5 18
4 16
5 23
6 89
4 97
6 66
5 48
6 65
6 89
5 43
5 52
4 97
5 53
6 42
4 2
6 79
4 23
6 50
6 98
6 94
4 13
6 31
6 57
5 16
6 1
6 41
4 56
6 45
4 26
4 62
4 76
4 25
6 51
4 82
5 16
5 15
5 15
4 30
6 89
6 77
5 49
4 66
4 15
4 26
6 5
5 29
5 45
4 96
5 10
6 78
6 86
5 66
4 27
6 89
5 88
5 78
6 52
5 75
4 68
4 74
6 57
5 84
4 55
4 4
5 22
4 30
5 3
5 66
4 38
4 20
4 30
5 72
5 99
4 19
4 42
6 37
6 49
5 41
6 94
6 33
5 11
6 77
6 24
6 24
5 73
4 16
5 16
5 21
5 4
6 80
4 20
6 31
6 74
5 5
4 100
4 50
6 48
4 50
6 79
6 36
6 3
6 76
5 97
5 31
5 54
6 11
5 40
4 87
6 35
5 55
4 62
4 58
4 100
5 36
4 59
4 39
4 71
5 47
5 59
5 57
5 32
6 63
4 72
4 10
4 6
4 77
4 31
6 4
5 31
5 60
5 98
5 34
5 92
5 45
4 61
4 43
5 17
5 64
4 9
5 82
4 22
6 9
4 0
4 72
4 48
5 37
4 65
5 97
6 79
4 23
5 74
6 1
6 33
4 27
4 45
5 48
4 98
4 49
5 69
6 10
4 83
4 65
4 87
4 53
4 36
5 13
6 7
5 44
6 4
5 26
5 75
6 58
6 15
6 98
6 25
5 72
5 80
4 25
6 93
5 54
6 71
6 84
6 85
4 29
5 98
4 37
5 81
4 100
5 83
4 95
5 94
5 37
5 13
5 2
4 40
4 62
6 61
4 11
4 90
6 53
6 39
6 45
5 23
6 20
4 88
6 36
5 32
4 94
5 90
4 86
5 31
4 99
6 69
5 80
6 70
5 44
5 37
4 68
5 88
5 88
5 32
6 47
5 45
6 58
4 75
6 18
6 48
6 15
5 83
5 62
5 17
4 71
6 25
6 74
6 65
5 95
4 93
4 94
5 43
4 44
4 68
6 42
6 7
6 10
4 59
5 87
6 0
4 54
4 36
5 17
6 89
4 52
6 20
5 57
5 64
5 84
4 25
4 37
4 3
5 21
6 75
5 99
6 54
4 31
5 7
4 3
4 12
4 84
4 5
4 3
5 22
4 85
6 29
5 13
6 21
5 73
5 28
6 80
4 60
5 95
6 23
5 30
4 32
6 11
5 16
5 67
5 29
4 2
6 28
4 9
6 56
6 8
5 92
6 53
4 0
6 85
5 98
4 54
5 67
4 76
6 89
5 73
6 62
4 65
5 95
5 70
6 2
5 33
6 81
5 53
5 91
4 47
4 39
4 9
6 59
4 58
5 6
5 25
4 44
4 25
5 35
6 51
4 88
4 31
4 72
4 56
5 19
5 92
4 34
6 54
6 4
6 5
4 68
4 28
4 43
6 86
6 2
5 37
4 66
6 53
5 67
5 28
4 19
5 21
5 87
4 5
6 77
4 16
5 52
6 27
5 34
4 37
5 46
4 8
5 45
6 58
4 65
4 81
6 24
4 36
5 36
4 14
5 15
6 19
5 30
5 25
4 51
6 33
5 100
5 96
4 88
4 78
5 18
6 76
4 73
4 21
4 37
6 16
4 86
5 9
6 11
4 85
5 56
4 43
6 56
4 10
4 26
6 32
5 30
5 57
4 73
5 71
4 5
5 36
6 49
6 11
4 23
6 20
6 54
6 99
5 66
4 47
6 81
6 20
5 16
6 58
6 4
5 0
5 44
6 53
6 6
6 28
4 72
6 85
5 35
5 15
4 31
6 2
4 13
4 41
5 89
5 84
6 29
4 68
6 37
4 1
5 6
5 20
6 82
5 39
5 19
6 46
5 94
5 18
4 45
6 37
6 73
5 44
6 83
6 42
5 12
6 17
6 1
5 64
6 35
4 7
5 18
4 47
4 54
6 36
4 61
4 77
5 85
6 66
5 29
4 4
5 42
5 35
4 11
6 22
6 55
4 77
4 5
6 100
6 70
5 47
5 30
4 5
4 49
5 60
4 91
5 71
6 79
4 2
4 70
4 73
6 32
5 6
6 38
6 56
5 22
6 8
5 100
4 65
5 58
4 53
4 42
5 99
4 50
4 76
5 43
6 68
6 2
5 36
4 67
5 42
6 99
4 75
4 87
4 58
5 56
4 8
4 14
5 86
4 49
6 52
4 88
6 56
5 99
6 43
6 95
6 87
5 90
4 50
6 22
4 45
4 29
5 72
4 23
4 12
6 21
6 53
5 98
4 11
6 52
4 81
6 27
4 92
6 77
5 61
6 10
4 77
5 59
4 18
4 37
4 41
4 51
4 5
6 28
5 98
6 34
5 54
5 13
5 27
5 22
4 63
6 5
5 99
6 9
6 84
6 15
6 97
6 38
6 85
4 31
6 15
5 57
4 98
6 41
6 17
4 69
4 58
5 76
5 50
6 36
5 8
4 60
4 14
6 4
4 93
4 10
6 45
4 66
5 4
5 76
4 38
5 50
6 71
4 26
6 89
4 74
6 74
6 1
5 14
4 88
4 100
4 7
6 91
5 66
5 57
6 20
5 16
4 32
5 84
4 81
5 33
5 28
6 85
5 56
4 96
4 56
6 48
5 15
5 81
4 38
5 63
1373 4617 2585030
6 39
4 59
6 92
5 100
5 75
6 1
6 100
5 79
4 16
5 11
4 6
4 1
6 54
4 69
5 46
4 15
6 93
4 1
4 31
6 67
5 5
5 80
4 43
5 63
6 84
6 97
4 7
4 74
4 23
5 99
6 45
6 98
4 97
5 15
4 95
5 13
6 96
4 54
4 7
4 76
5 10
5 54
6 41
4 97
4 6
4 45
6 49
5 32
6 62
5 2
5 26
4 97
6 15
6 41
5 30
6 40
6 86
6 97
6 55
4 63
5 81
5 77
4 72
5 18
6 6
5 85
6 41
4 6
6 98
4 32
4 90
4 47
4 99
6 87
4 95
6 23
5 38
5 17
4 90
6 23
4 5
5 66
5 6
4 64
4 20
6 56
6 11
5 79
5 22
6 90
5 100
5 52
5 45
6 11
4 92
4 37
4 8
4 71
6 58
6 79
4 41
4 97
6 85
6 89
5 33
5 98
6 41
4 62
4 19
5 64
5 72
6 80
5 32
4 5
4 97
6 54
6 82
4 9
4 33
4 38
6 100
5 45
4 16
4 90
5 24
5 77
6 42
4 44
5 95
4 21
5 70
5 77
4 11
6 74
4 27
5 56
4 97
4 31
6 31
4 37
4 58
6 23
5 99
4 19
5 59
4 12
5 74
4 42
4 71
5 67
5 51
6 41
4 96
6 25
4 32
5 57
4 86
6 33
4 36
4 18
5 1
4 30
4 54
5 84
4 97
5 4
6 63
4 100
6 22
4 6
4 45
6 21
4 5
4 45
4 41
5 54
4 16
4 29
6 31
5 34
6 58
5 57
6 8
4 95
5 36
6 64
5 99
6 57
5 100
4 8
6 83
6 75
4 38
6 38
4 21
6 83
4 7
6 6
6 70
5 68
6 91
5 98
6 41
4 41
5 2
5 82
4 16
4 51
5 18
6 45
6 86
4 87
5 0
4 43
5 82
5 18
4 91
5 48
5 26
6 34
5 9
5 38
5 86
4 95
6 49
5 97
5 22
6 10
5 84
5 1
5 22
6 99
6 37
6 11
4 4
4 59
6 24
5 25
5 32
6 26
5 80
6 35
4 9
5 52
6 2
5 4
5 80
6 92
5 8
5 86
5 83
4 70
6 36
6 30
6 80
6 95
5 86
6 72
4 17
5 98
5 41
4 9
6 86
6 4
5 22
5 98
4 19
6 66
6 68
5 81
4 25
6 77
4 34
6 11
6 20
4 56
5 97
4 15
5 22
5 6
4 62
5 86
5 91
4 8
5 4
6 11
5 86
6 0
6 55
6 93
5 24
6 71
4 63
6 12
4 3
5 57
6 25
5 25
5 72
6 56
6 97
6 42
4 32
4 87
5 96
5 33
5 44
4 99
6 43
6 26
4 28
5 23
6 50
4 69
5 73
5 11
4 26
6 10
4 19
4 64
4 26
4 30
5 60
4 29
6 75
6 39
4 85
4 57
4 75
4 84
6 75
4 11
6 58
6 33
5 37
4 1
6 9
6 14
6 17
4 69
6 14
6 9
5 1
6 87
4 62
5 34
4 27
5 39
4 11
6 13
5 28
6 18
4 9
4 78
4 51
5 49
5 92
4 51
6 92
6 59
5 72
4 11
5 16
6 6
5 7
6 69
4 31
4 85
4 42
4 13
4 22
6 3
5 7
4 9
6 97
6 99
4 3
6 1
6 38
6 94
5 32
6 23
4 95
6 99
6 95
4 76
5 34
6 20
6 83
4 77
6 16
4 20
5 73
6 6
5 95
5 8
5 41
6 81
4 60
6 33
5 31
5 54
6 73
5 43
5 97
4 20
4 32
4 30
5 36
4 5
5 62
6 88
5 2
6 23
5 57
4 90
4 11
4 32
6 2
6 91
4 37
4 88
6 100
6 78
5 92
6 28
5 78
6 50
6 36
5 85
4 15
5 15
5 58
4 38
5 6
4 53
4 10
6 33
5 9
4 54
5 95
5 40
6 2
6 40
4 82
6 75
6 73
4 69
6 23
6 71
6 35
6 84
5 46
4 10
6 44
6 58
5 46
5 50
6 31
6 82
4 75
5 50
4 27
4 72
6 93
5 61
5 37
5 86
5 64
6 55
6 20
6 54
6 36
5 26
4 59
6 92
6 5
5 99
4 97
6 59
4 79
6 56
5 71
6 71
6 82
4 0
5 81
4 49
5 70
6 29
6 41
4 72
4 45
6 26
4 95
4 26
5 52
4 76
4 97
4 98
6 18
4 82
4 50
4 22
6 28
4 19
5 71
6 7
5 4
6 25
4 37
5 23
6 69
5 71
6 47
4 68
5 89
6 8
6 3
4 8
4 75
5 100
5 83
5 82
5 46
5 50
4 78
5 92
4 7
5 35
6 93
5 65
4 51
6 90
4 6
5 17
5 86
5 66
4 25
6 58
5 23
4 49
5 59
5 58
5 53
4 93
5 16
6 97
6 77
6 80
6 15
4 83
5 14
5 60
5 71
4 54
4 11
5 1
4 41
6 12
5 3
4 39
6 90
5 77
4 50
5 63
4 57
5 28
5 1
6 34
6 96
6 64
4 73
6 49
4 77
5 9
6 38
6 16
4 48
5 15
4 56
6 90
6 28
5 30
5 34
4 51
6 98
6 69
4 66
4 70
5 69
4 80
4 53
6 63
6 65
4 32
5 6
6 40
6 0
6 63
6 14
5 63
6 14
6 55
6 100
6 44
6 90
5 45
6 84
4 39
6 82
4 68
6 44
5 30
5 60
5 19
5 6
4 52
5 53
5 8
6 26
4 36
4 61
5 57
6 27
5 69
5 13
5 30
5 0
4 62
4 89
4 86
4 6
4 79
4 97
5 72
6 72
6 37
4 28
5 83
6 76
5 42
4 38
4 45
4 19
6 12
4 33
6 92
5 5
4 98
4 97
6 53
5 55
5 40
5 7
4 59
4 77
6 71
6 83
5 38
5 90
6 57
6 37
6 22
6 29
4 6
5 47
4 50
6 96
4 72
5 13
4 12
6 36
4 56
6 94
6 18
4 45
4 25
6 53
6 98
4 26
4 65
4 95
6 37
5 65
6 42
5 26
4 84
4 59
5 64
6 24
5 8
4 23
6 82
5 36
4 29
5 95
5 45
5 18
4 26
4 70
5 22
6 30
4 49
6 31
5 70
4 72
4 60
5 53
4 47
5 7
6 9
6 75
4 37
4 71
4 44
6 78
6 17
4 48
4 87
6 90
5 54
5 88
6 80
5 32
5 92
6 51
4 16
6 14
4 2
5 90
5 64
6 77
4 85
6 57
6 47
5 63
5 83
4 98
5 80
5 82
6 18
6 28
6 43
4 11
5 20
4 15
6 16
5 50
6 38
4 92
5 77
4 54
5 28
4 7
6 53
4 37
4 31
6 96
4 34
4 59
4 70
5 38
5 81
4 43
5 40
5 80
4 1
6 37
6 29
4 32
5 2
5 74
4 71
4 45
5 80
5 89
5 53
6 35
4 30
6 73
6 45
4 6
4 47
6 97
6 47
6 26
4 74
5 32
5 61
6 2
5 69
6 43
4 91
4 64
6 61
4 26
5 50
5 61
4 59
6 2
4 53
5 98
6 2
5 45
4 26
6 19
5 42
5 60
6 21
5 49
4 42
5 97
5 13
5 98
6 83
4 40
4 94
6 36
5 62
6 20
4 34
6 68
5 1
4 46
6 57
6 27
5 36
4 8
5 23
4 93
5 27
4 80
6 14
5 35
6 16
5 92
6 18
5 49
4 28
5 42
4 90
6 51
4 33
5 86
5 3
5 24
6 80
5 2
5 77
6 57
4 21
6 44
6 55
5 11
4 99
6 75
6 98
5 43
6 23
6 100
4 78
5 31
5 88
5 84
4 66
4 88
5 69
6 62
6 48
6 21
4 91
4 88
6 86
4 75
4 62
6 49
4 30
4 8
5 28
4 90
6 38
5 19
4 38
4 42
4 42
5 51
4 80
5 57
5 35
5 56
4 97
5 15
4 52
4 1
4 75
4 63
5 87
4 93
5 39
4 55
6 83
4 65
6 16
4 2
6 92
5 44
4 30
6 7
6 38
5 48
5 63
6 42
6 88
5 21
5 2
6 56
5 24
4 58
6 65
5 5
4 15
6 71
6 100
4 2
5 62
5 73
5 57
4 47
5 8
5 9
4 9
4 81
5 89
4 55
5 92
6 61
4 26
4 31
5 45
5 69
4 84
5 72
5 43
4 10
4 25
5 23
4 67
5 50
6 24
5 12
6 94
6 35
4 43
6 65
6 50
5 36
5 17
5 46
6 95
4 69
5 37
4 18
6 19
4 57
5 62
4 89
5 10
4 94
5 28
6 47
4 11
6 61
6 70
4 38
6 79
5 33
6 85
6 77
6 82
5 52
6 82
6 42
6 31
5 0
4 89
6 69
6 93
5 47
4 11
4 23
5 39
5 60
6 74
4 51
5 90
6 40
4 52
6 61
5 50
5 74
6 86
6 54
6 40
6 91
5 25
6 61
6 8
6 29
5 52
6 5
5 83
6 46
5 56
5 84
5 70
4 0
4 68
4 32
4 25
6 33
5 91
6 64
5 78
5 16
4 9
5 4
6 84
4 22
6 39
5 24
5 63
6 63
4 47
4 83
6 97
6 9
5 4
6 62
5 40
4 34
5 94
6 45
5 87
6 13
6 80
6 39
5 61
5 41
5 73
4 80
5 37
6 38
4 70
5 25
6 70
5 69
5 8
6 72
4 86
6 38
4 53
5 45
4 38
6 41
5 93
5 20
6 49
4 59
5 35
5 21
6 65
6 65
5 27
4 10
4 44
4 6
5 85
4 64
4 67
5 18
4 6
4 89
4 96
4 59
5 82
5 85
5 50
6 42
4 56
6 18
6 28
4 50
6 52
6 60
6 92
5 86
5 90
6 69
5 71
5 24
5 100
4 28
5 32
4 52
6 2
5 12
4 75
5 48
5 38
6 95
5 23
5 48
6 7
6 73
4 80
5 33
6 12
4 78
6 96
6 56
4 39
4 11
4 76
6 19
6 52
4 80
6 25
5 94
4 5
4 95
5 83
6 54
4 95
4 28
5 8
6 48
6 83
6 61
5 19
6 70
4 43
5 10
4 61
6 6
5 80
5 11
5 49
4 34
6 26
4 3
4 51
4 67
5 28
6 69
5 94
6 19
6 66
6 99
6 7
5 51
6 0
5 63
4 90
6 54
5 58
5 36
5 65
4 95
5 20
4 68
4 87
6 71
5 53
5 90
6 59
5 22
6 94
4 9
5 53
5 74
6 20
5 96
5 10
4 43
5 7
4 61
4 19
5 32
6 88
4 3
6 23
6 21
5 70
5 15
4 49
6 25
6 15
5 3
4 100
4 40
5 3
6 50
4 22
4 3
5 6
4 47
6 44
4 40
4 8
4 2
5 73
5 93
4 91
4 16
5 84
4 70
4 67
4 55
4 8
4 67
6 85
6 47
5 2
4 3
5 68
6 80
5 11
6 77
4 80
6 72
4 60
4 25
6 42
6 12
6 9
5 97
4 96
4 62
6 51
4 88
6 78
4 23
4 47
6 97
4 96
4 38
4 74
4 77
6 47
6 23
6 3
4 76
6 79
6 96
6 39
6 59
4 37
6 69
6 76
4 6
6 23
6 63
4 24
6 52
6 3
4 10
5 82
5 50
5 10
5 61
6 85
6 98
6 25
6 60
5 20
4 41
4 68
6 0
5 82
6 64
4 59
5 86
4 15
5 57
5 72
6 55
5 98
5 50
6 69
6 17
6 13
4 2
4 30
6 81
6 16
4 81
4 46
5 14
5 37
4 64
4 99
6 78
4 16
5 51
5 72
5 41
6 92
6 65
4 7
5 27
6 32
4 31
6 84
5 19
5 83
5 40
6 0
6 32
4 74
4 41
6 84
5 93
5 58
6 1
5 47
4 41
5 61
4 22
6 100
4 99
4 91
5 58
4 66
6 37
4 15
4 78
6 11
4 22
6 62
4 39
4 36
6 42
4 1
6 84
4 21
4 100
4 66
4 34
6 1
4 8
6 46
6 76
6 54
4 70
4 31
5 55
6 56
5 41
4 54
5 47
4 80
5 16
4 31
6 10
4 98
4 16
4 96
6 30
5 39
4 80
4 54
4 93
1320 4617 2276328
5 43
5 40
5 4
5 66
6 90
4 48
4 9
4 39
5 26
5 55
5 55
6 82
6 62
4 6
5 41
4 75
5 3
5 42
6 74
4 22
6 20
5 69
5 42
5 14
6 91
6 52
6 92
5 98
5 22
5 16
5 57
4 92
5 99
5 39
5 40
5 14
4 43
6 15
6 29
6 41
4 85
4 59
6 47
6 58
4 61
6 6
4 2
5 30
5 73
4 74
5 36
4 61
5 20
4 8
6 5
6 5
4 19
6 72
5 66
6 99
4 64
4 91
5 53
5 6
5 12
5 41
4 16
6 59
4 41
4 40
5 18
4 82
4 98
6 87
5 43
5 34
6 49
5 93
5 22
4 61
6 95
6 5
4 15
6 43
4 40
5 27
4 65
5 25
4 94
4 89
6 80
4 69
5 57
6 76
5 36
5 25
6 96
4 56
5 95
6 63
6 85
4 84
4 55
4 1
5 75
5 1
5 63
5 67
4 86
4 40
4 19
5 16
6 93
4 42
4 57
4 50
6 77
4 87
5 29
4 50
4 36
4 64
4 5
4 54
6 61
4 19
4 35
5 85
4 21
6 1
6 9
4 12
4 68
5 80
6 5
5 41
6 23
5 79
6 66
4 25
5 17
4 60
4 28
5 2
5 21
6 3
4 28
6 2
6 16
4 48
5 57
6 93
4 57
5 22
6 97
5 60
6 66
4 50
5 50
6 18
5 6
6 43
4 61
4 86
4 26
4 65
4 31
4 98
6 71
6 35
5 44
4 72
6 95
6 87
4 75
5 47
4 20
5 40
5 9
5 81
4 10
6 34
5 70
5 68
4 92
6 11
6 43
5 8
5 95
4 95
4 16
5 66
6 86
4 18
5 55
6 40
4 4
5 78
5 69
4 29
5 70
4 88
4 87
5 12
4 70
4 28
6 88
6 79
4 20
6 6
5 17
5 30
6 38
6 48
5 91
6 54
6 88
6 71
6 92
6 40
4 33
5 77
4 79
6 14
5 59
4 80
6 51
6 1
6 37
6 57
4 83
5 6
4 61
5 27
4 12
5 39
5 85
4 14
5 26
5 73
6 12
4 82
4 48
6 96
6 63
6 44
6 91
4 65
5 11
4 67
4 82
4 38
6 13
4 99
6 79
4 52
4 84
6 93
4 81
6 53
4 35
6 23
5 48
4 73
5 82
4 82
6 30
6 69
4 45
6 78
4 62
4 35
6 88
6 80
5 73
4 82
4 21
4 58
5 11
4 74
4 45
4 66
5 32
6 74
4 5
6 1
5 38
4 92
4 43
5 15
4 23
5 15
6 58
4 12
4 17
4 42
5 92
5 33
4 95
4 58
5 18
4 63
6 63
6 71
5 83
6 15
6 0
5 98
4 72
6 75
5 59
5 49
6 6
5 3
4 33
5 89
6 66
5 96
6 76
4 83
4 99
6 69
6 89
4 44
5 23
5 24
5 35
5 18
4 63
4 68
5 83
6 79
4 33
5 50
5 17
4 48
5 91
6 14
6 64
4 20
4 28
5 95
5 76
4 81
5 5
6 45
6 57
6 0
4 79
4 68
6 2
4 67
4 68
5 68
5 78
6 3
6 55
5 89
5 94
6 98
5 74
4 50
4 41
4 33
5 46
6 25
4 4
4 31
6 74
6 15
5 73
4 77
5 36
6 55
4 86
6 31
4 68
5 69
4 55
6 26
5 99
5 23
4 46
5 51
5 29
4 23
5 76
4 70
4 16
5 71
5 32
5 49
6 28
6 9
5 85
4 53
5 24
4 53
6 69
5 24
5 24
6 2
4 4
5 50
5 22
6 93
4 59
4 17
5 46
5 32
4 67
5 16
6 29
4 35
4 26
5 64
4 84
4 31
5 87
6 42
6 32
5 67
4 4
4 16
5 60
6 47
5 74
4 32
4 70
6 62
5 57
5 5
5 13
5 57
4 63
5 11
5 79
6 85
5 7
5 11
6 78
5 11
6 39
4 83
5 24
6 57
6 41
6 24
5 43
6 89
4 11
4 9
6 74
4 57
6 49
4 35
4 31
6 32
6 79
5 28
4 16
5 78
5 96
4 3
5 39
5 41
5 93
4 64
5 34
5 85
5 60
5 8
5 21
6 70
6 36
6 84
5 70
6 37
6 94
6 98
4 63
4 20
5 47
4 14
5 37
5 42
5 83
6 72
6 76
4 37
4 7
6 89
5 97
4 32
4 70
5 43
6 19
6 82
6 30
5 7
6 21
4 58
4 65
6 72
4 36
5 76
6 49
6 42
5 35
6 40
6 3
5 85
4 45
5 26
5 53
6 63
4 91
6 16
5 58
4 54
6 51
6 24
4 25
5 24
4 54
6 8
4 19
5 12
5 48
4 70
4 76
4 89
5 58
5 1
5 42
4 29
5 11
4 54
4 68
5 31
6 10
4 47
6 46
5 51
4 100
4 98
6 72
5 73
5 8
6 41
5 19
4 50
6 23
4 37
4 57
4 67
6 24
6 13
5 75
4 0
6 61
6 42
6 64
4 12
4 19
5 44
6 99
6 60
5 61
5 51
6 37
5 51
6 69
6 98
4 15
5 82
4 85
4 67
5 41
6 90
4 9
4 1
5 31
6 9
4 25
5 30
4 37
4 51
4 47
6 43
4 67
4 26
6 49
5 54
5 38
5 52
4 56
5 92
5 74
5 38
5 46
6 21
6 90
5 76
4 73
5 57
5 92
4 62
5 31
4 81
6 44
5 32
4 78
4 100
6 90
4 92
6 7
4 82
5 8
6 33
5 6
5 0
5 82
4 89
5 1
6 65
6 23
6 87
5 25
5 36
6 80
5 51
4 84
6 49
4 97
4 31
4 97
5 71
4 77
4 11
4 70
4 78
5 45
6 4
5 77
4 29
5 54
6 44
6 38
4 51
6 68
5 22
5 34
5 93
5 49
6 52
6 69
4 30
5 74
6 71
5 65
4 74
4 72
6 26
5 59
4 28
5 94
4 69
5 54
5 23
5 99
4 14
6 91
6 17
4 49
5 23
6 5
4 38
4 63
4 86
5 29
4 52
5 98
4 62
4 34
6 26
5 15
4 82
6 20
5 75
5 13
5 88
5 49
4 49
5 51
6 27
5 33
4 58
4 27
5 43
6 27
6 44
4 59
5 9
5 5
6 9
4 78
6 63
5 66
6 44
5 93
6 89
4 92
4 31
6 10
6 35
4 56
6 73
4 17
6 68
4 15
6 42
6 98
5 63
5 100
6 7
4 83
4 70
4 2
6 49
4 4
5 7
6 57
6 98
4 8
5 8
4 80
4 39
5 52
6 29
5 91
6 46
4 96
4 92
5 33
6 82
4 7
6 20
6 20
5 81
4 83
6 52
5 52
4 0
5 23
5 9
4 15
6 15
4 76
6 1
5 65
4 97
6 87
4 50
4 28
5 22
4 80
4 96
5 29
5 91
6 81
4 88
4 80
4 54
6 34
6 59
4 49
4 6
5 98
4 50
4 92
4 55
6 70
5 56
6 17
6 58
5 67
6 53
5 34
5 13
6 3
5 70
6 42
6 41
4 71
5 21
6 35
5 13
5 55
4 56
6 5
5 58
6 17
6 73
6 59
5 98
4 16
5 49
5 42
6 28
4 45
4 66
5 24
5 75
6 78
5 15
5 18
6 94
5 48
5 58
5 31
4 46
6 43
5 98
4 40
4 28
5 80
6 4
4 74
5 73
4 46
6 76
5 94
4 61
5 86
5 80
4 79
6 69
6 63
5 31
6 78
4 81
5 92
5 44
6 0
4 11
5 66
6 1
6 54
4 24
6 17
4 52
5 4
4 65
4 89
5 47
6 86
6 26
5 97
6 67
5 100
4 2
5 6
6 93
5 79
4 79
6 0
4 58
6 79
5 59
4 45
4 61
5 66
5 32
5 0
6 83
6 46
4 74
5 75
4 39
5 38
6 84
5 83
5 60
6 10
5 45
5 19
4 23
6 86
4 37
4 56
4 7
6 65
6 48
6 87
4 25
4 76
4 0
6 41
6 0
4 46
6 71
5 39
4 54
6 76
5 100
6 1
6 17
5 0
4 78
5 29
6 19
5 90
6 15
4 31
6 8
5 60
4 2
6 92
6 47
6 83
4 21
6 21
4 83
5 89
6 85
4 95
6 23
4 24
6 72
6 98
5 77
6 60
6 6
4 19
4 49
4 4
4 91
4 11
4 44
5 2
4 42
4 81
5 92
6 58
6 98
6 89
5 8
4 66
6 68
5 16
4 21
5 49
6 49
6 6
4 48
5 94
4 67
5 70
5 54
5 22
6 28
4 17
6 34
5 50
4 25
5 67
4 29
6 5
6 60
4 34
6 79
4 53
5 92
6 55
4 31
6 38
4 16
4 41
6 46
6 64
4 46
6 67
6 21
4 52
6 97
4 52
6 97
6 78
6 61
4 14
5 14
4 80
6 20
4 69
5 20
6 16
6 3
6 31
6 11
4 92
6 41
5 100
5 34
6 72
6 2
4 64
4 5
4 40
4 11
5 46
6 81
4 70
4 69
5 55
5 84
6 53
5 43
5 36
6 40
5 64
5 19
4 78
5 2
4 41
6 66
5 97
6 49
4 73
4 67
5 50
4 97
4 76
4 41
6 86
5 88
6 49
6 81
4 32
6 78
5 51
6 70
5 39
6 19
6 70
6 9
4 43
5 24
6 70
4 90
4 62
5 25
4 1
4 66
6 50
6 11
4 58
5 34
6 14
6 57
4 24
6 27
4 14
6 21
4 95
6 81
5 3
4 90
5 77
6 4
4 89
6 55
4 12
4 45
5 4
4 28
6 46
4 33
5 94
4 20
5 28
6 21
6 2
4 91
5 21
4 69
4 59
4 74
5 70
6 16
5 62
4 53
6 21
5 4
5 38
6 14
6 70
4 35
4 36
4 37
6 99
4 99
6 28
5 1
4 20
5 94
6 34
4 64
4 61
6 8
6 77
4 69
4 82
4 9
4 77
4 15
5 40
5 66
6 83
5 75
5 1
4 1
4 14
5 59
4 73
5 17
6 83
6 49
5 98
6 10
5 87
4 98
6 90
4 64
5 99
5 14
5 7
6 17
5 38
4 44
4 51
4 28
6 97
6 30
5 85
6 30
5 35
6 42
4 91
5 53
5 13
6 63
4 6
4 10
5 19
6 3
6 0
4 16
6 76
5 67
5 7
5 95
5 16
4 26
5 46
4 67
5 56
4 55
6 44
5 79
5 71
5 23
5 45
6 78
6 9
5 11
5 24
6 82
5 46
5 70
6 48
5 20
6 26
5 52
6 76
6 44
5 26
4 88
4 5
5 100
5 38
6 21
4 34
4 87
4 93
4 74
5 29
6 2
5 1
5 67
6 36
5 54
4 2
6 80
4 47
5 99
5 29
6 57
5 16
5 90
4 37
4 32
4 2
5 32
4 49
6 4
5 12
4 31
5 48
6 31
6 49
5 81
4 50
6 57
4 4
4 56
6 79
5 29
5 72
6 36
5 7
5 14
6 45
5 70
6 78
6 47
5 34
4 37
6 27
4 91
6 64
5 14
4 50
4 98
5 56
4 89
5 75
4 60
4 19
4 55
4 27
4 23
5 66
5 69
5 2
5 50
5 67
5 65
5 8
6 84
6 64
5 34
5 91
6 1
6 58
5 61
4 50
4 48
4 72
4 62
6 50
4 34
4 28
4 63
5 64
4 84
5 75
4 98
4 34
4 11
5 18
4 88
5 95
5 40
4 73
5 53
5 75
5 33
6 42
6 14
6 52
4 70
4 92
5 54
6 0
6 74
4 76
5 4
4 42
5 71
6 12
5 25
4 70
4 18
5 48
6 34
4 60
4 88
5 60
6 91
5 77
5 35
5 51
5 64
6 34
5 30
6 8
5 46
5 9
4 66
1643 4617 5333434
4 11
4 76
4 84
3 72
4 67
3 28
4 0
3 100
3 95
3 48
4 19
4 41
4 13
4 35
3 50
3 53
4 12
4 26
3 23
3 36
3 74
4 38
3 9
4 4
3 10
3 43
4 25
4 74
3 68
3 45
3 91
4 4
4 71
3 2
4 94
4 91
3 99
4 90
4 71
3 33
3 21
3 12
4 51
3 44
3 11
3 79
3 16
4 26
3 12
4 90
3 14
3 12
4 40
3 54
4 57
4 53
3 2
4 4
4 96
3 8
4 8
4 54
4 89
4 99
3 60
3 66
3 36
3 19
3 54
4 7
3 19
3 65
4 56
3 63
4 77
4 19
3 60
4 15
4 80
4 86
3 28
4 83
3 75
3 31
3 30
4 78
4 91
4 85
4 40
4 79
3 72
4 84
3 7
3 78
3 61
4 0
4 38
3 10
4 18
3 51
3 37
4 98
4 27
4 96
4 34
3 36
3 51
3 12
3 39
4 93
3 61
4 24
3 53
4 16
3 95
4 60
3 57
4 1
4 65
4 51
4 49
4 18
4 52
4 43
4 37
4 68
3 100
4 99
4 8
4 72
3 79
3 17
4 86
3 45
3 19
4 25
4 21
4 21
4 98
3 11
3 8
4 87
3 46
3 22
3 39
3 97
4 60
4 22
3 12
4 39
4 78
4 86
3 45
4 31
3 59
4 57
4 44
3 100
3 55
4 41
4 45
4 49
3 63
3 83
4 72
4 49
4 2
3 51
4 44
4 65
4 56
3 70
3 0
3 8
3 38
4 63
3 66
4 26
3 92
4 21
3 41
4 100
3 22
4 1
3 89
4 26
4 14
4 24
3 66
3 55
4 49
3 89
3 38
4 96
3 96
4 21
4 37
3 20
4 85
4 88
3 47
3 54
4 86
4 65
3 25
4 96
3 90
3 39
4 89
3 59
3 100
3 26
3 87
4 15
3 27
4 55
3 59
3 4
3 1
4 19
4 74
4 34
3 12
3 92
4 3
3 12
4 95
4 44
4 46
4 3
4 74
3 22
4 82
4 18
4 32
4 88
4 74
4 88
3 6
4 73
3 74
3 78
4 12
4 29
4 46
4 99
3 32
3 15
3 93
4 66
4 88
4 2
4 60
4 71
4 40
3 92
4 39
4 65
3 51
3 62
3 46
4 59
4 83
3 84
3 19
3 46
4 37
3 15
4 14
3 26
4 65
4 40
3 90
4 37
3 78
4 82
3 91
3 50
4 61
4 81
3 28
4 38
3 80
4 9
3 15
3 68
4 32
4 30
3 88
4 43
4 94
3 64
4 50
3 52
3 78
3 40
3 96
4 23
4 31
4 66
4 17
4 99
3 32
3 21
4 61
3 3
4 68
4 78
3 4
4 12
3 74
3 69
4 0
3 19
3 20
3 50
4 87
3 11
3 24
3 95
4 72
3 62
3 74
4 9
4 23
3 73
4 14
3 43
4 67
4 67
3 79
4 12
3 6
4 27
3 55
3 58
4 7
3 44
4 63
4 96
4 2
3 10
4 99
3 7
4 7
3 62
4 58
4 16
4 47
3 86
3 64
4 40
3 88
4 18
4 25
3 59
3 84
4 24
4 22
3 58
4 20
3 71
3 69
3 91
4 52
3 79
3 57
3 87
4 1
4 43
3 26
3 20
4 77
4 11
3 46
4 17
4 18
3 34
4 48
3 11
4 55
4 81
3 0
3 44
4 26
3 60
3 69
3 24
3 7
3 47
3 69
3 84
3 57
3 42
4 42
4 45
4 73
4 8
4 91
3 67
4 78
3 46
4 15
4 17
3 78
3 96
3 1
4 45
4 38
4 33
3 37
4 73
3 70
4 17
3 5
3 28
4 34
3 35
4 2
3 49
4 65
4 16
4 68
4 76
4 60
4 4
4 15
3 11
3 4
4 72
3 28
4 45
4 100
3 5
4 59
3 32
4 8
3 42
4 82
3 97
4 0
3 60
4 90
4 14
4 44
3 74
3 13
3 66
4 97
3 0
3 53
3 66
3 8
4 18
3 12
4 80
3 31
4 95
3 23
3 79
4 86
4 38
4 94
3 59
4 16
4 98
3 75
3 72
4 67
4 84
3 98
4 100
3 70
4 9
4 42
4 35
4 96
4 49
4 27
3 52
4 41
4 1
3 45
4 19
4 35
3 4
3 54
4 8
3 69
4 70
3 14
3 14
4 85
3 38
4 28
3 16
4 73
3 17
4 43
4 33
3 11
4 55
4 22
3 59
4 45
3 23
4 14
4 10
3 16
3 2
4 58
4 33
4 31
4 19
3 58
3 67
4 90
3 64
3 36
3 11
3 4
3 82
3 44
3 42
3 40
4 41
4 11
4 56
3 39
3 70
4 21
4 58
4 10
3 57
3 74
3 5
4 48
4 70
4 62
3 33
4 43
3 41
3 62
3 84
3 85
4 36
3 32
4 5
4 72
4 82
4 32
3 42
3 20
3 0
4 70
4 96
4 87
4 18
4 11
3 73
3 30
4 40
4 34
3 77
3 58
3 74
4 98
4 44
3 14
3 89
4 31
4 27
3 35
4 22
4 100
4 4
3 26
3 11
3 94
3 15
3 42
3 43
4 1
3 70
4 87
3 24
3 99
4 53
3 95
3 6
3 35
4 47
3 34
4 61
3 39
4 17
4 13
3 73
4 10
3 59
4 74
4 62
4 3
4 32
3 17
3 89
4 86
4 81
3 23
3 76
3 24
3 67
3 58
4 1
3 79
4 20
4 10
3 94
3 40
3 65
3 33
4 3
3 71
3 76
4 51
3 77
4 64
4 43
4 81
4 38
3 31
3 65
4 39
3 81
3 55
3 18
4 25
4 25
3 81
4 21
3 51
4 72
3 18
3 31
3 9
4 84
4 73
3 72
4 27
3 79
4 69
4 96
3 33
4 1
3 4
4 99
3 41
4 100
4 88
4 74
3 69
3 85
3 30
4 70
3 82
3 97
3 12
4 95
4 10
3 100
3 99
3 29
4 4
3 33
4 37
3 75
4 69
3 89
3 85
4 93
3 29
4 21
3 58
3 70
4 48
3 15
3 93
4 28
4 89
4 11
3 18
3 32
3 53
3 56
3 63
4 48
4 33
4 56
4 39
3 18
3 85
4 40
3 75
3 51
4 27
4 15
4 25
4 81
4 26
4 19
4 0
4 31
4 93
4 36
4 55
4 57
3 37
3 69
3 10
4 31
3 82
4 10
4 18
4 11
4 93
3 91
3 24
4 30
4 60
4 41
3 29
4 20
3 34
4 31
3 94
4 29
3 75
3 38
4 55
3 69
4 54
3 82
4 9
4 83
3 67
3 98
3 79
4 32
3 35
3 44
3 31
3 49
3 53
4 5
3 8
4 9
3 38
4 95
3 46
3 60
3 63
4 41
3 16
4 16
4 36
3 98
3 82
4 65
4 68
4 14
3 12
3 76
4 26
4 41
4 1
3 72
3 69
3 19
3 30
3 65
4 30
4 61
4 14
3 41
4 19
3 61
3 95
3 21
3 97
4 35
3 31
3 87
3 35
3 51
3 19
3 57
3 68
4 38
3 21
4 43
4 69
3 68
3 62
3 48
4 45
4 26
3 4
4 48
3 50
3 14
4 36
3 73
3 42
4 49
4 62
4 64
4 46
3 72
3 67
3 98
3 73
4 24
4 2
4 65
3 63
4 4
4 14
3 27
4 45
4 94
3 43
3 20
4 22
3 24
4 39
3 12
3 22
3 33
3 13
3 69
4 48
3 10
3 1
3 37
3 98
4 56
4 78
3 59
4 39
4 6
4 73
3 46
3 84
3 50
4 63
3 68
4 24
4 67
4 96
4 55
4 100
3 40
4 86
3 19
3 49
4 91
4 14
3 72
4 41
4 87
4 50
4 33
3 77
3 66
4 26
4 47
4 79
3 66
4 13
3 75
3 4
4 41
3 84
3 48
3 76
4 91
4 64
3 57
4 0
4 63
4 98
4 71
4 10
4 52
3 11
4 22
4 87
3 0
4 72
3 45
4 51
4 95
3 76
3 39
4 91
4 98
3 60
3 54
3 91
3 28
3 25
4 63
3 50
4 73
4 42
3 10
3 13
3 30
3 89
4 76
3 28
4 12
4 89
4 24
4 9
4 25
4 61
3 72
3 17
3 36
3 14
3 29
3 76
3 63
4 29
4 16
4 77
4 93
4 44
4 63
3 58
3 8
4 63
4 3
4 100
4 98
3 50
4 36
4 60
4 17
3 54
3 99
4 84
4 49
3 27
3 30
4 13
4 84
3 41
3 53
3 90
4 84
4 96
4 100
3 56
3 21
4 98
4 43
3 29
3 47
3 97
3 92
4 13
4 48
3 70
4 21
4 41
4 24
3 52
4 64
4 10
3 49
4 26
3 91
4 16
4 74
3 50
3 45
3 11
3 56
3 10
3 79
4 84
4 13
4 33
4 43
4 47
4 90
3 80
4 23
3 5
4 67
3 27
4 84
4 46
4 93
3 15
4 5
3 25
3 78
4 68
3 44
3 44
3 27
3 75
3 90
4 72
4 58
3 7
4 72
3 7
3 90
4 8
3 89
3 50
4 76
4 49
3 95
3 55
4 41
4 77
4 97
4 90
3 85
4 82
3 9
4 28
4 48
4 78
3 25
3 87
3 76
4 67
3 4
4 46
4 59
4 22
3 48
4 18
3 73
4 55
3 85
3 35
3 34
4 45
3 72
3 79
4 50
3 10
3 28
4 19
3 6
3 74
3 36
3 20
3 1
3 72
3 34
3 10
3 17
3 48
4 11
3 94
4 100
4 71
4 57
4 57
3 7
4 99
3 79
4 30
4 91
3 35
4 95
4 95
4 76
3 40
3 63
4 59
4 89
3 98
3 16
3 36
4 60
3 92
4 33
4 33
3 53
3 5
3 14
3 69
3 89
4 7
3 3
3 75
3 72
3 89
4 73
4 51
3 11
4 1
4 42
4 71
4 56
3 25
4 96
3 41
4 55
4 60
3 67
4 62
4 46
3 68
4 19
3 54
4 41
3 99
4 90
3 73
4 51
4 81
4 76
3 64
3 48
4 79
3 19
4 61
4 3
4 65
4 2
4 24
4 45
3 57
4 62
3 97
4 1
4 48
3 0
3 77
3 18
3 7
3 45
4 100
3 11
3 100
4 58
3 40
4 75
3 44
3 35
3 93
3 21
4 8
4 12
4 27
3 44
3 17
4 47
3 72
4 66
3 71
3 23
3 48
3 38
3 55
3 6
3 22
4 30
4 44
3 84
3 24
3 0
3 37
3 63
4 2
4 13
4 68
3 77
3 80
3 90
4 29
3 82
3 93
3 66
3 15
3 12
4 64
4 63
4 80
4 89
3 28
4 92
4 73
4 22
4 41
4 85
4 28
3 79
4 55
4 61
3 0
3 43
4 76
3 32
4 32
4 54
4 72
3 70
4 23
4 22
4 36
3 83
3 69
3 64
3 84
3 84
3 60
4 57
3 82
4 92
3 11
3 13
4 64
3 14
4 8
3 40
4 70
3 75
4 22
4 67
3 92
4 99
3 49
3 12
3 7
4 95
4 16
3 50
3 67
3 83
4 44
4 62
4 58
4 86
4 6
4 4
3 100
4 75
3 29
4 54
3 68
3 10
3 71
4 8
3 63
3 30
4 13
3 32
4 37
4 40
4 46
4 9
3 81
4 95
4 85
4 28
4 64
3 84
4 18
4 95
4 59
4 93
4 53
3 96
3 44
3 58
4 100
4 73
3 83
3 15
3 45
3 0
3 10
4 9
3 47
3 20
4 4
3 14
3 57
4 79
4 94
3 5
4 14
3 64
3 69
4 93
4 61
3 47
3 43
3 22
3 25
3 78
3 32
3 24
3 1
3 99
3 53
3 26
4 55
4 43
4 26
4 35
3 12
3 4
4 28
4 27
3 47
3 50
3 32
3 92
3 40
3 89
3 56
3 40
3 60
3 51
3 22
4 95
4 58
4 80
3 86
4 2
4 19
3 65
4 4
4 63
3 55
4 77
3 34
4 50
3 86
3 48
3 67
3 60
3 11
4 89
3 23
4 55
4 51
3 50
4 89
3 35
3 8
4 80
3 43
3 16
4 1
3 91
3 77
3 64
3 40
4 41
3 76
3 14
3 31
4 63
3 60
3 1
4 46
3 7
3 5
4 71
3 4
3 77
3 91
3 18
3 19
3 48
4 4
3 14
4 43
4 50
3 91
3 62
3 49
3 20
4 66
3 17
3 20
3 50
3 6
3 46
4 83
4 56
3 8
3 76
3 48
3 15
4 12
3 15
3 54
4 45
3 42
4 62
4 60
4 0
4 56
3 68
3 74
4 46
3 41
4 91
4 47
4 18
3 47
3 2
4 92
3 79
4 59
3 52
3 7
4 82
3 54
3 73
4 46
3 17
4 69
3 4
3 100
4 17
3 14
3 27
4 78
4 40
3 9
4 34
3 17
3 46
4 66
3 47
4 65
4 95
3 65
4 0
4 5
3 85
3 53
4 31
3 11
3 32
4 71
3 52
4 15
3 76
4 14
4 10
3 85
4 3
3 81
4 27
4 22
4 93
3 56
3 89
4 23
4 72
3 63
4 44
3 10
4 95
4 7
4 44
4 32
3 1
4 92
4 14
4 39
3 62
4 61
3 81
4 59
4 28
4 88
3 21
4 92
3 30
3 43
4 86
3 59
4 23
3 69
4 80
3 26
3 89
4 14
3 80
3 3
4 29
3 12
4 65
4 56
4 10
4 23
3 4
4 49
4 3
4 93
3 25
4 92
3 51
4 51
4 64
4 38
3 11
3 44
3 25
3 41
4 4
4 85
3 2
3 68
4 89
3 34
3 7
4 60
3 45
4 0
4 19
3 74
3 18
4 70
3 55
3 86
4 67
3 100
4 83
3 9
4 30
3 29
4 62
4 76
3 52
3 35
4 39
3 82
4 86
3 85
4 65
4 39
4 13
3 74
4 12
4 35
4 9
3 38
4 27
3 48
3 70
4 89
3 0
4 92
3 38
4 29
4 40
3 95
4 96
3 10
3 33
4 88
4 36
3 48
4 95
4 38
3 1
3 75
3 29
3 40
4 23
4 24
3 35
4 43
4 53
3 59
4 99
4 91
4 39
4 78
4 9
4 85
4 87
4 91
3 26
4 10
3 8
3 59
3 76
4 4
3 87
4 22
3 63
4 64
3 53
3 95
3 82
3 100
3 42
4 53
3 33
3 96
4 5
4 71
3 73
4 21
4 93
4 92
3 24
3 81
4 100
3 36
4 97
4 78
4 30
3 59
3 75
3 72
4 13
4 38
3 64
4 40
4 17
4 54
4 77
4 63
1459 4617 8341004
5 71
4 68
6 97
6 44
6 44
5 70
5 3
4 20
6 32
5 57
5 18
5 8
4 76
5 33
6 2
5 68
6 25
6 10
6 94
4 1
5 37
6 49
4 69
5 89
5 22
5 75
6 73
5 38
6 25
5 63
5 9
5 49
6 83
4 92
6 82
5 22
4 4
4 74
6 100
5 17
4 58
4 29
5 32
5 36
5 83
4 5
4 30
4 22
4 12
4 22
6 30
6 72
6 83
6 58
4 16
4 34
4 39
6 24
4 50
5 19
5 57
6 4
5 34
6 74
4 34
4 80
6 27
4 35
6 92
4 97
4 94
4 26
6 44
5 73
6 59
6 62
5 58
4 55
5 29
6 97
4 9
6 42
6 96
5 95
6 50
4 25
4 39
4 40
4 48
5 46
4 4
4 49
5 8
6 48
5 33
4 74
6 5
6 31
6 93
4 42
5 2
6 66
5 64
6 76
4 60
6 25
6 75
4 63
6 14
4 7
6 3
6 41
5 77
4 6
4 1
5 58
5 38
6 78
4 35
5 83
5 39
5 78
5 84
5 56
4 45
5 31
5 32
6 97
4 66
6 29
4 66
5 38
5 74
5 42
4 68
6 100
4 66
5 7
4 58
6 80
5 18
4 22
6 27
4 61
6 77
5 88
6 87
5 34
6 41
4 93
4 38
5 13
5 87
4 79
4 66
4 30
4 21
4 87
6 90
5 79
6 60
6 35
4 2
6 88
4 44
4 19
5 86
4 67
5 30
6 12
4 17
6 100
4 84
5 63
6 56
5 36
5 59
6 1
5 54
4 97
5 62
6 69
4 37
6 23
6 12
6 29
4 23
5 85
6 5
6 45
5 89
6 97
5 14
6 90
5 58
6 37
4 47
6 30
5 83
5 46
5 33
5 21
6 1
6 40
4 94
4 4
4 13
4 28
6 40
6 34
4 9
4 25
5 99
4 93
6 16
6 52
4 97
6 78
5 75
5 5
6 18
5 85
6 85
6 88
4 20
6 53
6 64
6 51
6 21
5 66
5 61
5 96
6 53
6 78
5 5
6 45
6 6
5 97
6 25
4 40
4 3
5 38
5 57
6 63
5 71
5 14
5 17
6 19
4 48
6 94
5 5
5 14
5 26
5 29
5 6
5 70
4 37
5 17
4 84
5 54
6 7
5 40
5 38
6 68
6 28
4 23
4 23
5 2
6 99
5 100
6 27
5 63
6 38
5 56
6 99
5 51
5 81
4 6
4 62
6 34
5 8
6 81
6 14
5 49
4 67
6 55
5 75
6 20
6 32
5 74
4 74
6 68
5 53
5 72
4 17
5 26
5 40
5 11
5 66
6 55
4 39
6 70
6 87
5 34
6 64
5 64
5 17
4 17
4 18
4 93
4 42
5 56
6 60
5 93
5 92
5 81
6 100
6 83
6 39
6 61
4 85
5 3
5 8
6 79
5 96
4 33
5 24
6 0
5 47
4 67
6 54
5 32
4 62
5 48
6 45
4 70
5 71
5 93
4 52
5 20
4 19
6 66
6 26
5 51
6 2
4 100
6 67
6 73
5 61
6 54
6 98
6 43
4 25
6 25
6 9
4 16
4 54
5 100
4 62
5 44
5 84
4 1
6 24
4 75
5 81
6 14
5 89
4 67
6 19
5 95
4 41
4 58
4 5
6 97
4 6
6 10
4 10
6 42
4 23
4 46
4 26
4 85
5 95
4 45
4 21
6 11
6 8
5 93
6 39
5 10
6 7
6 71
4 31
5 10
5 51
4 13
4 35
6 12
5 54
6 19
4 93
5 12
6 40
5 60
5 24
5 57
6 76
6 81
6 97
6 95
5 95
6 90
5 54
5 67
6 29
6 73
5 70
4 27
4 41
6 12
6 62
5 6
5 87
5 27
4 73
6 91
4 67
4 45
6 97
5 75
4 92
6 75
6 82
6 26
6 58
6 50
6 49
4 29
6 40
4 24
4 14
5 44
4 80
5 84
5 0
4 55
4 22
6 61
4 82
5 78
4 79
5 73
5 3
6 23
6 90
6 12
4 4
6 34
4 44
4 69
6 92
5 93
4 17
4 39
6 82
5 70
6 28
4 33
4 26
4 16
5 40
5 77
6 47
4 29
5 15
6 9
4 98
5 85
6 12
6 70
6 45
6 82
5 72
5 42
6 72
6 78
4 30
6 38
4 48
6 25
5 24
6 27
4 65
5 80
4 37
4 21
5 54
5 30
4 0
6 4
4 40
4 68
5 70
6 97
4 56
6 30
4 79
4 5
5 97
5 61
6 23
5 97
4 5
5 12
5 43
4 9
4 34
5 39
6 72
4 78
6 44
5 32
4 68
6 88
6 67
6 94
5 65
6 21
6 1
4 65
5 53
6 58
5 68
4 89
4 100
4 78
4 56
6 12
5 36
4 47
4 81
5 55
6 19
6 79
5 5
4 72
6 90
5 64
4 50
6 58
4 38
4 10
5 88
5 35
6 56
5 66
6 1
6 55
4 2
5 42
5 25
4 52
5 72
5 68
6 13
5 17
4 28
6 74
4 77
5 49
6 35
6 67
6 74
4 4
6 55
6 53
4 70
6 90
5 59
6 51
4 13
4 14
6 67
5 8
6 74
4 69
5 12
6 96
4 16
4 27
5 4
5 31
6 79
4 72
5 34
5 34
6 35
6 93
4 25
5 4
4 75
5 69
5 7
5 70
5 32
4 17
6 4
6 33
5 54
6 14
4 3
4 41
4 43
6 98
5 97
5 5
5 79
5 22
5 89
5 79
6 90
6 43
6 3
4 13
5 5
5 66
5 40
5 66
5 9
5 44
5 85
5 82
6 15
4 82
5 33
4 60
5 2
4 83
4 7
4 29
6 0
6 47
5 72
6 83
5 70
4 93
4 85
5 81
5 54
4 43
4 54
6 10
5 5
4 63
4 88
4 83
5 17
6 76
5 5
4 92
5 72
6 88
5 0
6 63
4 68
6 61
6 10
6 42
4 13
4 74
4 81
4 63
5 18
5 3
4 4
5 24
6 16
4 92
6 24
6 28
4 41
4 82
6 84
6 34
4 48
4 1
5 45
6 59
5 39
5 61
6 46
5 34
5 81
4 92
4 83
4 55
4 95
5 45
5 35
5 48
5 27
5 9
5 63
5 29
4 91
4 70
5 66
6 73
5 93
4 49
6 91
6 54
5 0
4 4
5 14
5 85
4 23
5 29
5 34
4 80
5 27
6 4
4 7
5 28
6 98
6 34
5 87
5 77
5 56
5 13
6 28
6 94
4 74
6 86
6 57
4 77
4 82
5 47
6 57
5 61
4 45
6 2
4 34
5 75
4 11
6 93
5 94
6 11
4 63
5 76
4 95
6 86
4 83
5 75
5 50
5 17
4 34
4 80
5 39
4 26
4 52
5 50
5 53
6 71
5 12
6 54
5 69
5 87
6 7
6 90
6 0
5 73
6 94
4 35
6 77
4 27
4 95
6 56
4 44
6 30
4 36
6 64
4 53
6 59
6 54
6 34
6 67
4 87
4 50
4 78
6 70
5 18
4 55
4 60
4 21
5 14
4 84
6 50
6 48
6 93
6 66
5 47
5 6
5 27
6 15
5 39
5 88
5 4
4 54
6 92
6 59
4 76
4 23
4 86
5 65
5 46
6 29
6 80
5 16
5 84
4 72
6 50
5 17
6 18
4 29
4 6
6 49
5 46
5 69
5 71
6 75
5 65
4 13
6 87
5 16
4 56
5 19
4 67
4 13
6 20
6 60
6 68
6 94
6 79
4 5
4 57
6 21
6 69
4 19
4 29
4 29
4 81
6 48
4 59
5 48
5 85
4 25
5 35
4 86
5 97
4 82
5 18
5 94
5 17
6 15
6 55
6 58
5 83
6 21
6 42
4 42
5 48
5 15
5 62
4 40
5 19
5 45
4 70
5 7
6 87
4 10
5 46
5 77
5 58
6 53
4 48
5 63
6 10
5 43
4 84
4 40
4 18
6 15
6 49
6 34
6 37
4 77
4 14
4 35
5 27
5 18
6 71
5 79
4 37
4 41
4 34
4 5
4 7
4 70
5 19
6 55
6 0
4 76
4 98
5 67
5 29
4 87
5 64
4 73
4 95
5 41
5 58
4 31
6 78
4 51
4 2
5 62
6 73
6 48
5 69
6 90
5 88
5 44
4 100
6 19
4 26
5 51
6 2
4 32
5 39
4 40
5 69
4 77
4 61
5 16
4 59
4 50
4 11
6 12
5 32
5 7
6 52
4 67
5 83
6 19
4 84
6 61
4 70
6 39
6 5
6 82
6 15
6 92
5 36
4 69
5 72
6 20
6 56
5 4
4 42
6 13
5 72
6 35
5 62
5 32
5 90
6 1
5 73
4 14
6 89
6 41
5 55
4 27
5 38
6 97
6 89
5 59
4 46
5 68
4 73
4 83
5 58
4 9
6 35
5 4
5 74
4 31
4 34
4 72
6 97
6 14
6 53
6 19
5 49
4 45
5 0
5 42
6 15
5 47
5 10
6 56
5 16
5 48
5 67
6 83
6 0
5 79
6 7
4 95
6 54
4 48
5 32
4 81
6 48
4 94
5 93
6 62
5 85
5 89
6 100
6 99
5 13
5 28
5 21
5 89
4 98
4 48
6 42
6 25
6 83
5 26
6 100
6 40
5 95
6 18
4 73
4 59
6 33
5 28
6 75
5 45
5 45
6 87
6 29
5 24
5 46
6 95
6 96
4 21
6 78
5 83
6 82
4 6
6 27
6 17
5 36
6 5
5 59
5 88
6 55
4 24
4 49
6 63
5 3
4 56
5 33
6 27
4 23
6 18
4 56
5 20
4 58
4 90
5 48
4 76
6 6
4 4
6 73
4 19
4 6
5 14
6 42
5 97
4 80
4 69
6 89
4 81
5 75
5 1
4 72
4 21
6 50
6 91
5 11
5 89
5 39
4 52
6 30
5 100
4 15
6 82
5 73
4 25
5 42
4 93
6 11
4 84
4 8
5 42
5 90
4 82
6 69
6 56
5 93
5 7
5 31
5 51
6 37
5 65
5 39
5 55
5 26
4 87
5 73
4 21
6 45
4 31
4 33
5 87
4 73
4 49
4 53
6 59
4 8
4 96
6 94
5 68
4 80
4 92
6 91
6 18
6 28
4 72
4 90
4 45
4 59
5 82
6 83
6 87
6 65
5 58
6 88
6 17
6 80
6 0
5 78
5 51
4 46
6 50
6 46
6 45
5 0
4 24
4 59
4 21
5 69
4 64
6 46
6 98
5 93
4 46
5 47
5 20
6 31
6 73
5 48
5 2
5 77
6 55
6 36
4 94
4 21
4 82
4 64
6 64
5 95
6 64
4 78
5 4
6 53
5 99
6 96
6 64
5 45
4 46
6 50
5 51
5 26
6 91
6 2
6 94
5 36
5 100
4 66
6 72
4 25
4 45
5 90
4 80
6 29
5 96
6 70
5 62
6 73
5 63
6 1
4 62
4 21
4 79
6 23
4 91
4 38
6 38
5 43
4 86
5 63
6 53
4 57
6 33
5 49
6 84
6 89
6 76
6 10
4 15
6 42
6 84
4 8
6 91
6 34
6 33
5 21
4 79
6 46
6 77
5 70
5 9
4 31
4 70
6 27
4 43
6 20
5 23
6 19
4 73
6 72
4 2
5 12
4 68
6 57
5 3
4 60
6 59
4 86
5 55
6 29
4 0
6 98
4 0
4 31
5 88
6 13
4 30
5 46
6 20
6 75
4 73
5 11
5 31
5 76
5 35
6 16
6 38
5 30
6 64
5 13
4 67
5 51
6 30
5 89
5 17
4 92
4 22
4 29
4 33
6 57
5 71
5 91
6 75
4 30
6 61
4 44
5 50
5 95
6 90
5 71
5 61
5 1
6 65
5 78
5 3
5 43
6 94
6 87
6 40
4 76
6 9
5 62
5 25
5 31
4 61
6 42
4 94
5 71
6 58
5 34
4 46
4 58
6 49
5 4
4 34
5 73
4 82
5 39
4 50
6 92
6 77
6 56
5 6
4 89
5 63
4 60
5 32
6 91
4 82
6 26
4 100
6 5
5 93
6 27
4 92
6 5
4 31
5 54
4 28
6 19
5 80
6 5
5 21
5 4
4 22
4 51
5 18
6 35
5 54
4 26
4 1
6 10
6 62
4 38
6 39
4 44
4 43
4 99
4 82
4 94
5 35
5 79
4 16
5 49
6 79
6 32
6 28
6 74
6 97
5 31
6 70
6 82
4 68
6 51
6 35
6 53
6 81
4 71
5 68
4 6
6 49
6 55
5 74
6 43
5 6
4 39
4 30
4 88
5 47
5 35
5 0
4 93
5 14
4 78
4 16
5 16
6 22
6 27
6 56
4 41
5 50
4 90
6 3
6 64
6 0
5 42
6 40
5 67
6 71
6 99
5 4
4 92
6 92
5 90
6 86
6 19
6 44
4 14
5 62
4 4
4 71
4 67
5 92
5 4
6 39
5 62
6 64
6 65
4 77
5 95
5 33
6 71
5 19
1215 4617 8406565
6 1
6 99
5 4
4 45
5 48
5 75
6 98
4 7
4 6
5 16
5 49
6 42
4 94
6 92
5 65
5 25
5 11
4 70
6 91
6 29
6 68
4 11
5 7
6 88
4 3
5 53
4 14
6 65
4 79
6 84
5 4
5 35
6 75
5 5
6 8
4 76
6 5
5 63
6 30
6 91
4 31
4 24
6 98
6 37
6 64
6 81
4 6
4 25
5 44
6 100
4 37
4 11
6 28
4 61
6 63
5 57
4 78
4 40
6 34
4 40
5 99
4 8
5 47
5 60
6 50
6 48
5 33
5 74
4 28
5 10
4 5
5 97
5 23
6 45
4 45
4 47
4 20
5 11
5 60
5 71
5 98
5 53
5 74
4 6
6 96
6 23
6 99
6 38
5 55
5 20
6 15
6 23
5 77
5 27
6 65
5 7
6 22
4 88
5 24
4 20
5 74
6 84
4 46
4 36
4 14
4 98
5 0
4 67
5 35
6 36
4 39
4 54
5 65
5 43
5 24
4 50
5 3
6 69
4 7
6 11
6 51
6 7
5 8
4 77
5 96
6 93
6 32
6 48
4 48
5 85
6 18
4 38
6 22
4 68
5 40
5 19
6 23
6 90
4 43
5 20
5 32
5 77
5 20
4 53
4 83
5 4
4 9
5 84
6 72
4 61
5 33
5 35
4 94
6 60
4 4
5 26
5 10
4 17
4 78
5 96
6 24
5 14
6 45
4 43
6 45
4 67
6 98
6 46
6 93
5 90
4 99
4 52
4 76
6 64
4 54
5 63
5 9
6 31
5 10
4 68
6 85
5 39
6 68
6 74
6 51
6 56
4 53
6 29
5 76
5 36
4 22
6 9
5 10
5 83
5 67
4 58
5 76
6 59
4 4
4 16
5 72
6 9
5 11
6 93
5 18
4 31
5 71
5 68
4 3
4 86
5 64
4 39
5 63
6 23
6 40
4 53
6 9
5 4
4 81
6 57
4 38
6 72
4 24
4 20
4 9
6 14
5 88
6 24
5 63
4 81
6 6
5 66
6 45
5 14
4 63
4 40
5 70
6 72
4 47
6 3
5 38
6 68
6 14
4 84
6 33
5 65
5 63
4 70
4 51
5 89
6 42
4 59
5 42
6 84
6 95
6 59
5 69
4 16
5 49
4 54
6 31
5 92
5 62
4 92
4 85
4 3
5 73
5 26
4 63
6 86
6 85
6 91
5 2
5 95
4 53
5 49
5 18
6 52
4 37
5 93
5 24
6 58
5 78
6 94
4 93
6 48
4 29
4 8
5 57
4 19
4 24
4 6
5 53
6 83
4 11
6 68
6 80
4 18
6 18
6 35
6 87
6 20
4 1
5 31
4 35
4 92
5 6
4 15
4 38
4 10
4 15
6 22
4 43
6 1
4 80
5 97
5 87
4 42
6 16
4 14
4 21
5 49
4 82
4 55
4 57
5 90
5 49
4 80
5 43
6 8
4 0
4 46
4 88
5 78
5 29
6 81
5 40
4 80
4 78
6 46
4 94
4 60
5 28
5 54
6 57
4 85
4 80
5 92
5 23
5 38
6 99
4 59
5 22
5 48
4 100
6 8
5 20
6 13
5 98
6 3
4 36
6 6
4 25
4 11
6 58
4 74
5 2
5 5
6 36
4 44
4 50
5 11
6 56
6 94
6 62
5 98
5 56
5 73
5 20
5 19
5 48
4 33
6 86
5 1
5 51
4 35
6 76
6 57
5 26
4 26
5 68
4 60
5 67
6 79
4 43
5 49
6 35
6 88
5 35
6 17
6 78
5 6
6 37
4 19
6 79
4 86
5 47
4 33
4 62
5 60
6 31
6 65
5 93
4 17
6 13
5 31
5 38
5 85
6 86
5 87
5 17
6 36
6 0
5 94
5 42
5 99
6 82
5 90
4 92
6 39
6 17
5 60
4 35
6 7
5 69
4 13
5 57
6 44
4 62
6 45
6 38
4 33
6 36
4 12
4 59
5 9
5 8
6 28
4 67
5 14
4 29
5 78
5 83
5 73
4 74
5 12
5 99
5 22
6 19
5 95
6 96
5 46
4 11
5 74
5 89
4 53
6 70
4 42
4 27
6 76
6 41
5 66
6 58
4 12
4 77
6 54
4 45
5 85
4 23
4 30
4 1
5 91
6 5
6 67
4 66
4 58
4 49
6 32
4 83
5 89
6 78
4 36
4 65
6 90
6 10
5 24
5 58
6 6
4 82
6 64
6 57
6 5
5 37
4 22
4 18
4 96
4 77
6 31
4 42
5 94
4 7
4 16
5 7
4 89
5 97
4 61
6 41
4 73
4 86
4 93
6 5
5 87
4 19
4 15
6 21
5 48
4 42
5 57
4 83
4 56
4 99
5 54
5 80
6 60
6 56
6 39
4 42
5 52
4 91
5 80
4 91
5 15
6 80
4 39
6 24
4 30
6 90
4 88
5 49
6 85
6 22
4 96
4 78
6 49
5 47
4 24
4 98
4 58
4 77
4 0
4 85
4 81
4 38
6 29
5 1
5 44
6 81
5 5
5 24
4 29
6 19
4 81
5 85
4 88
5 1
6 84
4 70
6 47
6 72
6 64
5 12
6 7
5 47
4 60
5 84
6 64
5 46
5 29
5 57
4 37
5 77
6 74
5 3
6 58
5 53
4 72
6 40
5 18
6 1
4 33
6 100
5 68
5 41
6 55
6 24
4 71
6 10
6 76
5 85
5 56
5 13
4 33
4 44
6 88
4 93
5 12
5 40
6 6
6 35
4 10
4 81
6 30
6 44
5 85
4 46
4 42
4 10
6 5
5 71
4 47
4 49
4 71
5 95
6 87
4 36
6 75
6 6
6 0
5 89
6 12
5 75
4 22
4 50
4 8
5 50
5 98
5 38
6 1
4 16
6 90
5 13
5 0
5 31
4 45
5 56
4 81
6 89
5 92
6 17
4 10
6 95
4 54
6 8
6 77
6 63
4 81
5 98
4 45
5 52
5 86
6 83
4 53
5 14
6 50
6 99
5 29
4 63
5 0
6 70
5 85
5 23
4 28
5 100
6 51
5 22
4 44
6 78
4 21
5 45
5 92
6 50
5 64
6 8
5 31
5 57
5 60
4 4
5 27
6 73
4 53
6 40
5 31
6 74
4 23
4 39
6 8
6 34
5 59
5 88
6 18
4 69
5 88
6 32
4 39
6 49
6 88
6 43
4 71
6 76
6 62
6 54
4 16
5 84
5 93
4 95
4 56
4 20
5 31
4 63
4 87
5 24
4 8
5 90
5 30
6 85
6 100
5 39
4 16
4 16
6 81
5 37
5 46
4 91
6 31
5 84
4 2
4 94
6 33
6 2
6 36
6 98
4 98
5 95
4 79
4 54
4 1
6 79
4 25
6 12
4 31
6 73
6 86
4 36
4 12
4 90
4 17
4 89
5 51
6 7
4 27
4 43
6 32
5 26
4 68
6 95
4 96
5 42
6 8
6 34
5 80
6 93
6 0
6 53
6 97
6 17
6 50
4 90
5 20
6 46
4 9
6 34
6 77
6 25
4 92
5 36
5 40
5 86
5 21
5 24
5 83
6 32
6 99
5 58
4 76
4 92
6 26
4 26
5 41
5 30
6 47
5 11
4 68
6 60
4 90
4 24
4 86
4 93
5 48
6 34
5 32
6 53
5 7
5 77
6 63
4 87
6 94
5 43
5 47
4 28
6 2
4 57
5 69
4 67
5 82
5 55
6 40
6 46
4 3
4 29
6 73
6 82
6 94
6 3
5 31
4 86
6 72
4 41
5 34
6 97
5 14
4 4
4 99
6 0
6 54
6 83
6 96
6 91
6 66
6 26
6 93
6 63
6 54
4 64
4 13
6 36
6 56
6 83
4 77
4 68
4 82
6 16
5 59
4 30
6 78
4 5
5 49
5 91
4 12
4 87
5 2
6 23
4 7
5 76
6 49
4 85
6 1
5 18
4 73
4 98
4 82
4 25
5 18
4 77
5 42
4 5
6 49
6 3
6 94
4 46
4 40
6 80
4 83
5 58
4 51
4 51
6 46
6 1
6 10
4 39
5 97
5 91
6 87
6 41
6 46
6 40
5 83
6 54
4 35
4 65
4 2
6 2
4 51
6 94
5 88
5 93
5 68
6 57
5 65
4 35
5 32
5 82
6 98
4 51
4 64
4 63
4 84
4 51
4 12
5 40
4 63
5 31
6 46
6 20
6 98
6 50
6 79
5 50
6 22
6 52
6 87
6 12
5 50
6 43
5 53
5 56
4 24
4 45
5 79
4 77
5 64
4 44
6 85
4 43
4 76
5 44
6 84
6 71
4 33
4 66
5 11
5 23
4 35
4 47
6 5
6 42
4 45
4 8
4 86
6 13
6 21
6 19
6 35
5 58
5 51
6 79
5 31
5 87
5 33
6 2
6 61
5 37
6 8
4 93
6 96
5 25
6 1
5 7
5 9
4 2
5 58
4 85
5 11
6 75
6 67
6 31
6 9
5 2
6 20
6 84
6 2
4 53
6 25
6 24
6 68
6 66
5 67
5 62
5 87
5 88
5 19
6 55
4 51
6 67
6 9
6 86
4 44
6 33
5 16
5 6
6 62
4 11
6 91
5 54
4 91
6 83
6 0
4 31
4 99
4 86
4 21
4 63
4 45
6 21
4 54
6 14
4 69
5 58
4 94
5 28
5 56
6 14
5 66
6 8
6 70
6 11
4 13
5 13
6 87
4 25
5 66
4 74
6 91
6 89
6 11
6 68
4 12
4 85
5 34
4 29
4 76
4 50
5 90
5 36
5 62
4 68
6 40
4 80
6 57
4 70
6 80
4 10
5 50
4 14
4 59
6 68
4 91
4 44
6 25
6 24
6 46
5 4
6 65
4 5
5 8
6 3
4 3
6 5
5 96
4 82
4 83
4 21
4 72
4 82
4 46
5 0
5 28
6 35
5 5
5 22
5 50
5 67
6 94
4 80
6 53
5 37
5 2
5 73
6 58
5 34
6 42
5 12
5 2
4 12
6 51
4 32
5 65
5 65
4 0
4 99
4 25
6 99
5 89
5 51
6 10
4 63
6 9
4 19
6 10
5 54
5 83
6 98
5 1
4 21
5 22
5 62
6 94
6 42
4 8
5 28
5 56
4 77
4 49
5 35
6 85
5 13
6 6
5 92
5 89
4 59
6 75
5 71
5 75
4 58
6 44
6 18
5 27
5 36
4 58
5 76
4 74
4 83
5 22
4 71
4 64
4 78
4 13
6 76
4 70
6 40
4 80
4 94
4 53
5 0
4 96
5 36
6 0
5 58
5 31
6 6
4 8
5 8
6 23
6 96
6 31
4 100
6 55
4 14
5 1
4 97
6 42
5 94
6 26
4 47
4 24
6 6
4 92
4 53
5 57
6 14
6 75
4 56
4 21
4 93
5 42
4 34
1665 4617 1545421
3 17
4 83
3 76
3 39
4 86
4 39
4 55
4 60
3 95
4 88
3 59
3 53
3 60
3 21
3 58
3 99
4 50
4 53
3 79
4 3
3 97
3 54
3 57
3 98
4 7
4 66
4 20
3 1
3 52
3 72
4 86
3 1
3 70
3 47
3 36
3 78
3 13
3 2
3 78
4 51
3 69
3 72
3 85
4 40
4 59
4 83
4 46
4 0
4 35
4 7
4 39
4 48
4 81
3 64
4 40
3 3
3 37
3 87
3 66
3 23
3 26
4 56
4 27
4 46
4 81
4 63
4 43
3 16
4 75
4 67
3 1
4 30
3 74
4 59
4 4
4 49
4 86
4 86
4 47
4 55
4 7
4 0
4 68
3 50
4 34
4 87
3 65
3 93
4 5
4 77
3 65
4 96
3 40
4 9
3 33
4 6
4 41
4 42
4 94
3 63
3 32
4 15
4 11
4 82
4 39
4 2
3 22
3 97
4 0
3 6
4 84
3 23
4 80
4 17
4 68
4 23
3 27
3 87
3 82
4 16
4 16
4 41
3 47
4 72
4 16
4 22
4 67
4 56
4 19
3 34
3 85
4 65
3 5
4 35
4 84
3 99
4 85
4 38
4 59
3 93
3 57
3 28
3 77
4 68
3 34
3 17
4 91
4 30
3 24
4 72
4 82
3 67
3 85
4 62
3 89
4 55
4 27
4 74
3 62
4 83
3 61
3 30
3 72
3 89
3 60
3 21
3 32
4 92
4 29
4 46
4 22
3 92
4 8
4 41
3 76
3 2
3 51
3 35
4 13
4 64
4 55
3 43
4 57
4 32
3 89
4 79
4 3
4 2
3 96
4 93
3 50
3 34
3 63
3 29
4 45
4 14
4 53
4 95
4 14
3 85
4 41
4 81
3 20
3 65
3 3
3 28
4 47
4 39
4 70
3 31
4 65
3 94
4 77
4 63
4 52
4 94
3 50
3 43
4 81
3 63
3 40
3 19
4 7
4 40
4 47
3 83
3 48
3 67
4 97
3 48
4 39
4 44
4 99
4 38
4 99
3 96
4 66
4 14
4 23
3 5
4 17
3 81
4 13
4 49
3 77
3 29
4 70
3 22
3 50
3 59
3 83
4 2
4 65
3 47
4 55
4 97
3 57
3 91
3 24
3 66
4 8
4 21
4 41
3 42
4 48
3 51
4 50
3 18
4 79
4 62
4 89
3 42
3 74
4 25
3 68
3 3
3 76
4 44
3 10
4 72
4 38
4 35
3 68
4 31
3 63
4 51
3 12
3 91
3 51
3 91
4 46
4 35
3 80
4 43
4 8
4 38
4 77
4 20
3 63
3 58
4 43
4 61
4 98
3 67
3 47
4 17
4 13
3 82
3 67
4 24
4 77
3 37
4 87
4 1
3 58
4 63
4 35
3 18
4 53
3 53
3 34
3 83
3 87
4 24
3 91
4 46
4 81
3 98
3 87
3 98
3 12
3 1
4 2
4 6
4 24
3 90
3 51
4 95
3 70
4 87
4 97
4 71
3 83
3 55
4 66
3 1
3 32
3 0
4 27
3 48
3 72
3 30
3 75
3 7
4 31
3 82
4 26
4 53
3 48
4 69
3 2
3 70
3 13
4 33
3 17
4 62
4 12
3 3
4 97
3 18
4 82
3 81
4 18
3 91
3 46
4 2
4 67
4 35
3 30
3 66
4 74
3 29
4 47
3 28
4 29
3 51
4 96
3 33
3 7
3 99
4 72
3 10
4 61
3 57
3 87
4 49
4 74
3 18
3 7
4 54
3 97
4 62
3 82
4 80
4 9
4 89
4 24
3 97
4 97
4 33
4 5
4 64
4 76
3 34
3 84
4 35
4 60
3 63
3 35
3 61
3 94
3 87
4 85
3 97
4 72
4 41
4 6
4 56
3 64
4 7
3 37
3 84
3 83
3 27
3 71
3 24
4 41
4 58
4 79
4 81
3 77
4 47
3 7
3 92
3 64
3 73
3 58
3 1
3 90
3 33
4 55
3 78
3 41
4 43
4 16
4 90
4 0
3 43
4 97
4 30
4 12
3 92
4 0
4 92
3 7
3 5
4 38
3 75
4 49
4 72
3 74
3 40
3 43
4 61
3 40
3 63
4 72
4 71
3 50
3 11
3 34
3 91
3 70
3 0
4 1
4 23
3 94
4 99
3 61
3 71
4 35
3 92
3 80
4 88
3 52
4 80
4 24
4 11
4 28
3 81
4 48
3 96
3 78
4 57
3 91
3 86
3 95
4 100
4 47
3 58
3 12
3 71
3 19
4 76
3 40
3 34
3 86
4 86
4 26
3 56
3 79
4 15
3 5
3 10
3 46
3 21
3 43
4 14
4 39
3 51
4 11
4 3
4 47
4 24
3 91
4 81
3 32
3 59
3 91
3 60
3 7
3 94
4 77
4 6
3 61
4 85
3 70
3 19
4 87
3 28
4 66
4 21
3 13
4 37
3 9
3 94
4 9
3 73
3 13
4 93
4 27
3 75
4 21
3 92
3 20
4 71
3 82
4 53
4 50
4 5
3 82
4 80
3 59
3 98
4 84
3 20
4 83
4 76
4 77
3 88
3 79
4 31
3 83
4 33
4 24
4 46
4 88
4 39
4 95
3 72
4 88
3 71
4 11
3 13
3 23
3 1
3 19
3 47
4 57
4 72
4 14
3 24
4 48
4 89
3 36
3 45
3 84
4 10
3 72
4 21
3 93
3 11
3 87
4 72
3 3
3 61
3 36
3 35
3 84
3 10
4 32
3 26
3 27
3 18
3 76
4 8
4 44
3 40
3 8
3 1
3 98
4 12
4 49
3 10
3 42
4 1
4 75
4 86
4 84
3 1
4 27
4 73
3 24
3 5
4 87
3 27
4 37
4 1
3 47
3 78
3 77
4 69
4 50
4 21
4 96
3 67
3 81
4 70
3 91
4 12
4 61
3 88
4 53
4 72
4 21
3 0
4 85
4 32
3 73
3 32
3 48
3 2
4 45
4 31
4 74
3 60
4 62
3 59
4 25
4 8
3 49
3 15
4 76
4 94
4 6
3 37
3 51
3 27
4 10
4 42
4 99
3 43
3 17
3 7
4 60
3 25
3 86
3 63
4 8
4 9
4 46
4 51
3 73
3 69
3 98
4 49
3 93
3 7
4 2
4 37
3 32
4 65
4 22
4 58
3 68
4 54
4 85
3 40
4 73
4 59
3 33
3 97
3 52
4 83
3 37
3 22
3 83
4 51
4 31
4 98
4 37
3 51
3 95
3 0
4 67
3 90
4 42
3 25
4 41
3 77
4 14
4 71
3 23
4 35
3 93
3 28
4 51
4 49
4 28
3 63
4 23
3 13
3 68
3 72
4 75
4 83
4 80
4 42
4 20
4 18
3 56
3 41
3 55
3 34
4 75
4 95
4 9
3 96
4 29
3 51
3 62
4 7
4 77
3 99
3 80
3 81
3 30
4 91
4 22
3 44
3 90
3 64
4 70
3 8
3 76
3 14
3 45
4 21
3 34
3 36
4 19
3 9
3 67
3 89
4 53
4 89
4 52
3 8
4 21
3 96
4 45
4 12
4 51
4 59
3 78
4 51
4 11
4 18
4 20
4 0
3 32
3 54
3 1
4 69
4 48
3 65
4 15
4 15
4 92
3 55
4 30
3 69
4 59
3 7
3 47
4 53
3 32
3 74
4 66
3 14
3 9
4 94
4 97
3 90
4 41
4 57
3 13
3 50
4 25
3 35
4 3
3 41
4 39
3 68
4 30
3 83
3 83
3 38
3 23
4 95
4 15
4 52
3 11
4 6
4 36
3 69
3 89
4 10
3 65
3 45
3 53
3 69
3 16
3 96
3 37
3 32
3 1
3 59
3 79
4 84
3 68
3 65
3 40
4 63
3 48
4 3
4 40
4 77
4 60
3 62
3 99
3 75
4 26
4 70
3 90
3 76
4 99
4 95
4 35
4 3
3 11
4 13
3 27
4 64
4 75
4 9
3 21
3 27
3 4
4 27
4 19
3 20
4 40
4 67
3 98
3 96
4 24
3 38
4 83
4 24
4 48
3 100
4 40
4 22
3 18
3 16
4 68
3 95
3 36
3 74
3 39
4 2
4 27
3 99
3 97
3 5
4 67
4 67
4 96
4 44
3 71
4 34
3 41
4 30
3 16
4 5
4 61
3 79
3 88
4 21
4 15
4 82
3 16
4 3
3 35
3 6
3 95
4 19
3 94
3 87
3 94
4 26
4 17
4 2
3 97
3 51
4 66
3 25
4 77
4 87
4 33
3 35
4 65
3 67
4 75
3 52
4 17
3 17
3 21
3 46
3 90
3 66
4 94
3 59
4 90
3 30
3 93
4 41
3 95
4 75
3 43
3 85
4 77
3 89
4 51
4 3
4 33
4 11
3 24
4 26
3 3
4 11
3 89
4 33
4 99
4 90
4 64
4 28
3 85
3 19
4 11
3 39
4 43
3 7
4 78
4 13
3 89
3 12
3 56
3 30
3 99
3 86
4 62
3 3
4 28
4 3
4 81
3 13
3 54
4 65
4 6
3 93
3 16
3 23
3 71
4 90
3 48
3 33
4 1
3 91
3 73
3 9
4 74
3 67
3 11
4 81
3 83
4 43
4 12
4 50
4 1
4 12
4 25
4 24
3 94
4 89
4 20
3 5
3 56
3 3
4 90
3 98
3 60
4 71
4 39
3 15
3 23
3 5
3 85
4 4
4 73
3 0
3 90
3 82
4 94
4 43
4 77
3 57
3 15
3 41
3 0
4 87
3 68
4 99
3 24
4 72
3 70
4 24
4 32
4 79
3 25
4 97
3 28
4 34
4 49
4 46
3 100
3 33
3 43
3 82
3 22
4 21
3 75
3 88
4 79
3 39
3 78
3 32
3 18
3 66
4 98
4 37
4 13
4 45
3 55
3 83
4 93
3 58
3 70
3 41
4 26
4 81
3 3
4 98
4 74
3 90
4 28
4 97
4 92
3 58
4 84
3 79
3 62
3 9
3 66
3 12
3 3
4 80
4 45
4 55
3 33
4 20
3 46
3 41
4 31
3 74
3 23
4 43
3 65
3 37
4 64
4 51
3 65
4 60
4 54
4 64
3 97
4 2
3 21
3 20
4 46
4 49
3 97
4 51
4 0
4 10
3 97
3 72
4 3
3 77
4 13
4 37
4 71
3 73
4 100
4 22
3 53
4 70
4 41
4 22
4 34
3 95
3 7
4 99
3 77
3 94
3 99
3 39
4 32
4 3
3 25
3 81
4 57
3 55
3 63
4 71
4 71
4 91
3 31
3 24
3 59
3 36
3 56
3 25
3 78
3 1
3 2
3 73
4 2
3 41
4 39
4 57
4 78
3 75
3 68
3 3
3 40
4 15
3 94
4 17
4 53
4 7
4 42
3 71
4 92
3 97
3 34
4 14
4 74
4 57
3 45
4 24
3 19
3 89
3 45
4 80
3 94
4 10
4 70
3 67
3 42
3 88
3 84
3 28
3 92
4 58
4 96
4 41
4 71
4 40
3 96
4 51
3 13
4 78
4 23
3 13
4 10
4 4
4 87
4 70
3 63
3 94
4 89
4 84
4 61
4 56
3 70
3 61
4 7
3 4
4 80
3 81
3 5
4 83
3 73
4 86
4 91
3 90
4 89
4 3
4 4
4 55
4 88
4 55
4 69
4 72
3 59
4 35
4 2
3 3
4 0
4 10
3 31
4 19
4 0
4 76
3 95
3 70
4 95
3 43
4 50
3 65
4 87
3 72
4 51
3 66
3 37
4 60
3 48
3 88
3 19
4 88
3 97
4 18
4 43
3 71
4 5
3 30
4 90
3 33
4 62
4 90
3 65
3 65
4 95
4 62
3 55
3 53
3 92
3 46
4 78
4 62
3 37
4 24
4 84
4 1
4 99
4 26
4 12
3 18
4 25
4 95
4 29
4 50
4 10
3 5
3 52
3 28
3 73
4 20
4 59
4 90
3 66
4 45
3 29
4 83
3 48
3 82
4 10
4 44
3 63
3 26
4 46
3 57
4 14
4 18
3 14
4 56
3 37
4 94
4 38
3 4
3 6
3 32
4 69
4 87
3 80
3 100
4 98
4 59
3 22
4 41
3 45
4 94
4 2
4 84
3 50
4 52
3 92
4 74
3 36
3 23
3 37
3 80
3 64
3 61
4 5
3 48
3 35
3 74
4 44
3 20
3 1
3 20
3 20
4 27
4 44
4 15
4 47
3 45
3 66
3 26
3 29
3 69
4 55
3 15
4 92
4 29
4 84
4 52
3 76
4 74
4 25
4 77
3 0
3 46
4 73
3 39
3 73
3 98
3 5
3 36
3 13
4 51
3 53
4 26
3 37
3 73
3 59
4 99
4 52
4 94
4 91
3 54
4 62
3 39
3 31
3 100
4 0
3 47
4 87
3 6
4 24
3 54
4 91
3 100
3 0
4 28
4 4
3 56
3 82
3 45
3 86
4 1
3 29
4 97
3 27
3 60
3 71
4 47
4 88
3 22
4 40
3 44
4 28
3 18
3 66
3 15
3 80
4 84
4 97
3 77
3 11
3 91
3 100
3 52
3 11
3 54
4 59
3 11
3 90
3 63
4 64
3 43
4 61
3 35
3 22
3 25
3 70
3 7
4 50
3 8
3 62
3 20
3 34
4 35
4 5
4 69
4 36
3 19
4 68
3 95
3 9
3 42
4 47
3 34
3 83
4 37
3 95
3 5
4 61
4 86
3 85
3 14
4 25
3 81
3 92
3 76
3 21
3 63
4 74
4 57
4 72
3 69
3 74
4 52
3 18
4 66
3 27
4 16
4 97
4 35
3 5
4 93
4 71
3 75
3 61
3 3
4 70
4 99
4 99
4 71
3 64
3 27
4 64
4 83
3 15
3 93
3 50
3 1
4 97
3 53
4 76
4 40
3 42
3 86
3 83
3 92
4 66
3 7
4 90
3 18
3 41
3 29
3 28
4 18
3 21
3 48
3 51
4 36
4 81
4 41
4 62
3 61
4 57
4 42
4 87
4 69
4 20
3 62
3 32
4 75
3 11
3 82
4 16
3 8
4 53
4 85
4 13
4 82
4 86
3 45
4 77
3 94
4 92
3 58
3 52
4 97
4 14
3 100
3 66
3 82
4 100
4 61
3 62
4 27
4 68
4 44
4 2
4 69
3 56
3 61
3 81
3 90
4 86
4 97
3 44
3 29
4 33
3 73
4 73
4 2
3 64
3 37
3 61
4 41
4 58
3 63
3 50
4 100
4 15
4 43
3 62
4 37
3 95
3 26
4 53
3 27
4 42
4 7
3 24
4 54
3 73
3 86
4 22
3 73
4 0
4 69
4 41
4 68
4 80
4 26
4 86
3 33
4 32
3 0
3 48
4 53
4 21
3 17
4 28
4 74
3 56
3 39
4 43
1367 4617 427219
5 12
4 93
5 2
5 29
6 40
5 46
4 63
5 65
6 7
4 42
4 8
5 6
4 38
4 87
5 77
5 13
4 38
6 38
4 68
6 21
4 56
6 91
6 53
4 83
4 9
6 49
5 3
6 20
6 37
4 4
6 79
6 58
5 72
4 16
4 31
4 51
5 55
6 42
5 22
6 57
6 92
6 48
6 97
6 47
6 52
6 14
6 18
4 65
5 57
4 68
5 26
6 22
4 19
6 68
4 17
6 1
6 55
4 76
5 44
4 100
6 79
4 30
6 26
5 19
5 83
4 31
4 28
4 8
5 38
4 47
5 91
6 71
5 91
5 96
5 66
5 52
6 42
6 81
4 75
6 17
4 97
4 34
6 12
6 93
4 7
4 34
4 78
4 26
6 85
4 53
4 17
6 99
5 97
6 72
6 49
5 66
5 80
5 13
4 27
5 36
5 99
5 95
6 71
5 37
5 90
5 82
6 85
4 77
4 62
6 15
5 48
6 3
4 34
5 0
4 22
6 16
5 68
5 92
4 83
4 15
6 15
5 55
4 79
6 80
4 63
6 58
4 70
5 48
4 18
4 13
4 3
4 65
4 30
4 31
6 62
6 20
5 33
6 34
4 6
5 32
4 64
6 69
4 92
4 76
6 73
4 4
4 7
6 81
6 57
6 15
5 91
5 20
6 64
6 5
4 79
4 31
4 76
5 50
6 7
5 8
5 8
4 82
5 47
6 43
6 18
5 89
5 79
5 11
6 49
6 1
4 37
4 68
4 94
5 97
5 6
6 44
4 6
6 86
4 16
5 20
5 98
6 72
5 71
6 23
5 80
4 78
5 1
4 60
5 65
5 6
5 19
6 97
6 25
4 15
5 27
4 93
5 56
6 26
6 69
5 51
6 35
5 31
4 21
5 63
6 31
5 50
4 63
6 34
4 53
5 16
4 12
5 84
5 4
5 76
5 85
4 68
4 72
6 83
5 41
5 3
6 100
6 87
4 90
6 28
6 82
6 16
6 84
5 50
5 22
4 10
6 66
5 58
5 90
4 80
6 26
5 92
5 7
5 89
6 42
6 17
6 57
5 59
5 50
4 95
6 82
6 91
4 55
5 52
4 58
4 22
4 85
5 2
4 45
5 64
5 29
5 27
5 46
5 93
5 83
5 69
6 47
4 34
4 43
6 80
6 35
5 56
6 83
6 14
4 59
6 64
6 6
4 52
4 13
6 51
4 1
4 96
5 72
5 16
4 76
5 89
4 56
4 54
5 70
5 24
4 97
6 13
4 2
4 57
6 25
5 37
4 31
5 3
5 79
6 17
4 32
4 94
6 63
5 12
5 36
4 11
5 78
4 8
6 8
5 10
6 12
6 75
5 98
5 35
5 21
4 55
6 51
4 3
6 16
4 72
4 71
4 15
5 23
5 68
6 81
4 85
4 36
4 83
5 82
6 51
5 56
6 70
4 29
6 57
5 53
4 48
6 85
5 11
6 48
5 86
4 84
6 25
5 81
6 97
5 83
6 65
4 74
4 88
5 28
6 48
5 45
4 12
6 64
5 76
6 62
4 85
4 90
5 9
5 83
5 99
6 8
4 96
5 17
5 26
4 99
6 99
4 86
4 29
5 69
6 43
6 74
6 3
6 47
6 88
6 89
6 96
5 6
4 58
5 92
5 49
6 22
6 32
4 84
6 16
4 23
4 60
6 4
6 29
4 27
6 36
5 14
6 31
5 88
5 24
6 25
6 5
5 66
5 87
5 61
4 2
5 58
5 22
4 85
4 25
5 17
6 13
5 91
5 39
6 70
4 90
4 28
6 67
6 17
6 58
6 75
4 15
4 4
5 23
6 71
5 35
6 64
4 11
5 52
4 22
6 8
5 44
5 5
5 12
4 94
5 15
5 33
5 70
4 18
5 89
5 2
4 90
6 54
6 20
6 4
4 70
5 70
5 85
4 84
4 32
4 89
4 29
5 22
5 93
5 11
4 93
6 42
5 72
4 41
6 23
4 8
5 90
6 88
6 100
4 4
5 37
6 63
5 29
4 8
5 91
6 86
5 59
6 33
5 62
5 23
6 4
4 65
6 47
6 3
5 19
4 24
6 9
5 69
6 63
5 77
4 17
4 19
6 96
6 75
4 98
6 26
4 6
6 35
4 86
6 43
5 49
6 92
4 13
4 28
6 88
4 65
4 73
5 78
5 52
4 61
6 21
5 8
6 79
6 22
4 60
4 32
6 65
4 50
5 88
5 54
6 68
4 56
4 96
4 17
5 40
5 47
4 19
5 60
5 21
5 82
4 7
5 15
6 76
4 62
6 15
5 16
4 62
4 5
5 72
5 6
4 35
6 29
5 29
4 54
5 34
5 9
4 79
5 31
6 41
5 8
4 100
4 56
5 32
5 55
4 94
6 25
6 73
4 38
4 15
5 68
6 1
5 81
4 54
6 19
4 72
4 58
6 99
6 70
6 60
6 87
6 79
4 69
4 9
4 17
6 92
4 69
4 47
6 48
5 42
4 90
4 66
5 36
4 33
4 18
6 61
4 94
6 75
5 66
4 35
4 84
4 14
4 96
4 70
6 84
4 12
6 65
4 0
4 37
4 73
4 1
5 91
4 5
4 64
6 72
4 94
4 24
4 73
6 58
4 7
5 0
4 81
4 91
4 4
6 59
5 92
4 64
5 31
4 45
6 51
5 36
6 84
5 91
4 39
4 96
4 63
6 99
6 18
6 53
6 84
4 3
5 71
5 31
4 2
6 32
4 54
4 62
4 16
5 7
4 75
4 43
4 16
4 27
4 31
6 13
4 21
5 44
5 40
4 62
6 86
6 51
6 9
5 22
4 40
5 95
4 0
6 25
4 48
5 25
5 30
4 48
5 56
5 23
4 96
4 93
6 71
4 43
5 21
6 44
5 98
6 97
5 20
4 79
4 56
6 85
4 9
5 63
4 56
4 0
5 33
4 68
5 30
5 16
5 80
6 49
6 9
6 30
4 52
4 57
6 67
4 18
4 100
6 53
6 32
4 6
5 53
6 75
4 53
4 23
4 19
6 29
6 15
5 30
6 61
5 82
6 77
4 42
6 90
6 80
5 93
6 71
5 77
5 84
6 12
4 64
6 45
6 73
6 1
5 37
5 76
4 71
4 27
5 55
4 46
4 60
5 20
6 52
5 62
5 39
6 21
4 69
4 51
5 59
6 9
4 70
4 35
4 63
5 96
4 5
5 69
4 51
5 88
5 100
4 44
5 77
5 79
4 100
5 66
4 89
5 36
5 69
5 95
6 54
4 31
6 90
6 12
4 23
6 32
6 9
6 42
5 83
4 6
5 65
6 80
4 93
4 63
5 94
5 40
5 1
4 35
4 1
6 46
6 43
5 19
6 18
5 85
6 22
5 72
4 44
5 57
5 97
5 53
6 41
4 68
5 83
6 15
4 77
6 80
4 84
5 4
4 36
5 46
5 55
4 28
5 15
6 14
4 6
6 96
6 85
6 74
5 52
5 83
5 77
4 26
4 70
4 62
6 19
6 20
5 42
6 24
6 67
4 71
5 47
4 8
4 63
4 64
5 81
4 44
6 2
6 21
6 47
6 0
4 86
4 37
4 16
5 8
5 7
4 86
4 53
5 35
4 32
6 99
5 81
4 9
5 63
5 61
5 87
5 10
6 37
4 87
6 80
5 54
5 100
5 71
6 47
4 97
5 89
6 45
4 85
5 16
5 58
5 83
6 85
5 10
6 56
6 42
5 50
5 76
5 60
6 15
6 93
5 85
5 30
6 73
4 2
5 23
4 76
6 6
5 19
6 43
6 52
5 13
6 31
6 74
6 9
4 51
6 40
4 18
4 93
5 81
6 67
4 83
5 81
5 57
5 100
4 97
4 71
4 80
4 65
5 17
5 16
4 29
5 67
4 45
5 18
4 67
4 90
6 72
4 90
6 8
4 60
5 6
4 73
6 86
6 27
4 43
6 74
4 21
6 35
4 2
4 72
6 3
4 46
4 74
6 41
6 97
5 44
5 87
6 12
5 56
5 14
6 58
5 3
4 15
4 5
4 63
5 74
5 0
6 57
5 84
5 53
6 13
6 53
4 29
5 57
6 65
6 67
4 100
4 1
4 62
6 5
6 15
6 51
4 11
4 54
4 24
5 83
4 10
5 31
4 20
5 31
4 77
6 50
4 35
5 37
5 91
4 38
4 40
4 28
5 23
4 81
5 62
4 77
5 29
6 13
6 20
4 17
6 58
6 45
5 41
6 89
6 63
6 25
6 52
5 80
5 31
5 73
6 30
6 32
6 56
4 94
4 47
5 14
4 51
6 88
4 79
6 59
4 56
6 49
4 38
5 56
6 66
4 21
5 29
5 56
5 74
4 24
5 92
4 83
4 86
4 60
5 95
6 71
5 61
6 82
5 82
4 48
6 29
4 56
4 42
6 86
5 31
5 39
6 58
5 53
6 50
6 77
4 28
6 79
4 44
4 80
5 41
5 41
6 77
4 78
5 46
5 17
4 0
6 36
4 63
4 47
4 93
5 46
5 60
4 78
5 92
6 59
5 70
4 23
4 73
6 90
5 95
4 25
4 15
4 25
4 6
6 19
6 39
4 67
6 69
4 33
4 30
4 22
6 93
4 98
4 15
4 57
6 3
4 12
4 94
5 8
5 39
6 42
4 36
5 24
5 3
4 16
4 49
4 10
5 66
5 92
5 12
5 46
6 46
4 41
5 96
4 34
6 12
4 18
6 50
4 85
6 58
4 63
6 65
4 14
4 33
5 33
5 16
5 76
4 78
4 69
4 2
4 60
4 93
6 72
5 58
6 24
5 52
6 69
4 43
5 60
6 57
6 12
5 50
5 52
4 72
6 26
5 59
6 18
5 41
6 93
4 34
4 49
4 42
6 0
4 35
4 96
4 66
4 59
4 52
4 63
5 16
4 66
5 92
5 37
4 1
4 47
5 13
4 4
5 69
5 4
6 1
4 99
6 98
4 13
6 26
5 71
5 28
4 40
5 13
4 83
4 42
5 91
6 35
6 59
4 68
4 2
4 29
6 76
4 81
5 51
5 41
4 15
4 35
6 61
4 24
6 3
4 12
6 75
4 35
4 58
5 65
5 77
4 38
6 17
4 59
6 67
5 32
5 64
5 73
4 10
5 91
6 82
6 68
4 42
6 64
4 0
5 2
4 51
5 20
4 19
5 56
5 55
4 69
6 58
5 83
4 5
4 40
4 95
4 83
5 24
6 95
5 14
5 90
4 45
6 23
4 6
4 22
4 90
4 11
5 99
4 0
6 32
5 3
5 79
6 61
6 70
5 4
4 95
4 83
4 73
5 22
6 5
6 60
6 17
6 7
5 82
4 29
5 35
5 82
4 27
6 29
6 76
4 20
5 90
6 74
4 40
6 88
4 79
5 18
4 92
4 91
6 68
6 90
4 88
5 64
5 46
5 77
5 87
4 67
4 51
6 71
6 83
6 5
6 63
5 97
4 56
6 8
5 61
6 72
4 33
4 85
6 28
4 80
4 32
5 13
5 56
6 10
4 52
6 20
4 88
5 26
4 72
5 86
6 88
6 7
5 62
6 63
6 17
4 22
5 40
5 62
5 11
6 42
4 78
4 15
5 90
5 43
4 57
6 19
5 35
4 48
4 97
6 45
6 99
4 35
6 41
4 28
6 42
4 1
5 13
5 34
6 27
6 65
4 68
4 4
5 55
5 60
6 24
6 84
6 73
5 25
6 28
6 67
6 37
4 41
4 60
4 36
5 6
4 69
4 66
6 47
5 16
4 47
5 88
4 34
6 68
6 0
4 3
6 2
4 19
5 71
4 76
6 40
6 6
4 90
5 36
6 13
5 53
6 41
5 19
5 8
5 88
6 76
5 37
6 66
4 75
4 74
6 44
4 66
4 51
4 21
6 2
5 36
5 78
4 14
6 84
6 2
4 34
5 36
6 46
6 93
6 2
5 83
6 29
5 36
6 13
5 73
4 37
4 21
4 92
4 40
5 6
6 93
6 9
5 17
5 49
4 70
6 44
4 53
5 74
6 80
4 10
4 5
6 55
5 81
6 86
5 45
6 19
4 73
4 93
6 7
4 36
5 30
6 68
1193 4617 9876403
6 15
5 72
4 70
5 42
4 87
6 14
4 55
5 71
6 100
6 98
5 65
4 64
5 29
6 29
6 17
4 29
6 80
4 99
5 39
5 50
4 16
4 78
6 48
6 81
6 40
5 55
5 52
6 30
6 45
4 85
5 36
5 38
5 62
4 20
5 59
5 31
5 73
6 65
4 94
5 41
5 10
5 98
6 84
4 13
5 73
6 51
5 90
6 84
5 72
6 51
6 17
6 44
6 22
6 20
6 98
4 38
4 58
5 3
4 22
4 97
4 68
5 66
5 22
5 1
5 98
5 65
6 96
4 90
5 57
6 68
5 41
5 99
5 87
5 95
5 99
5 52
5 65
4 51
5 47
5 14
5 23
6 76
5 43
5 75
4 9
5 10
4 56
6 0
6 42
4 3
5 28
5 63
5 84
5 98
5 17
5 91
6 13
6 82
4 22
5 41
4 22
4 13
4 48
6 96
5 61
6 18
4 54
6 59
4 10
4 37
6 94
6 94
6 93
4 20
5 1
6 99
6 13
5 8
5 36
6 28
5 96
6 68
6 65
4 43
4 77
5 92
6 7
4 95
6 38
4 16
4 17
6 68
6 33
6 73
6 39
4 34
4 26
5 93
6 68
5 23
5 73
5 43
5 14
6 64
6 30
4 53
6 82
6 11
5 56
6 68
5 37
5 8
4 99
5 4
5 82
6 75
4 45
5 15
4 44
4 30
6 94
5 54
6 93
4 63
5 60
5 30
6 86
4 30
6 73
5 53
6 50
6 55
6 2
5 52
5 82
4 70
4 46
5 7
5 79
4 6
4 71
6 15
5 83
6 46
6 47
4 59
5 75
4 33
4 41
4 13
4 29
6 43
4 93
6 11
4 97
6 52
6 50
4 75
5 70
5 83
4 36
6 93
4 35
4 63
4 0
5 67
6 19
6 62
6 43
4 65
4 57
5 92
6 30
6 49
5 46
6 3
5 96
4 85
6 61
5 26
4 69
5 35
4 50
4 86
5 65
5 28
4 42
6 10
4 41
4 53
5 50
5 28
6 29
4 28
4 22
6 82
5 18
5 33
5 78
5 80
5 40
4 83
4 83
6 18
4 97
5 41
4 59
4 73
6 34
5 11
6 77
5 52
5 69
4 51
5 98
6 87
6 66
6 68
4 99
4 64
6 97
6 49
5 19
5 28
6 70
4 68
4 83
4 90
6 23
5 72
6 17
6 29
5 51
6 46
4 11
4 42
5 92
5 26
4 19
4 76
6 22
5 69
5 0
4 21
5 67
4 60
6 71
5 55
4 100
4 50
4 62
4 80
4 72
6 13
6 25
6 88
5 91
6 14
4 53
6 10
6 69
5 5
6 13
4 1
6 83
6 6
5 1
5 100
5 81
6 37
6 29
4 22
5 21
5 73
4 70
5 100
5 91
4 27
6 2
4 8
6 96
6 94
5 53
5 10
6 2
4 75
6 51
6 60
6 17
5 93
6 29
4 43
6 0
5 80
6 53
5 37
5 13
5 73
4 86
4 56
4 11
5 82
4 52
5 87
4 81
5 84
4 37
6 53
4 97
6 44
5 90
5 93
5 93
6 31
6 6
4 20
4 2
6 45
6 44
4 66
6 13
6 87
5 93
6 85
5 58
6 22
4 13
6 92
6 13
5 67
6 3
5 82
6 44
5 58
4 98
4 9
4 13
6 40
6 93
6 85
5 10
6 63
4 78
4 52
6 45
5 89
6 54
6 21
6 1
6 25
4 0
4 56
6 79
4 92
4 26
4 87
5 42
4 67
5 100
4 49
5 31
6 21
6 22
6 93
5 85
6 38
6 79
5 7
5 41
4 84
4 60
6 1
5 2
6 92
5 64
5 0
6 58
6 76
4 13
6 7
4 20
6 19
4 55
4 20
6 68
5 91
6 40
4 35
4 45
6 71
6 71
5 81
5 58
5 16
6 21
4 63
4 56
6 93
6 53
6 34
4 76
4 89
5 69
4 39
6 13
4 54
6 12
6 7
6 62
6 11
6 90
6 89
6 73
6 10
5 38
4 100
4 11
6 94
6 22
4 88
5 72
5 33
4 9
5 70
5 52
5 2
6 30
6 11
4 64
4 90
5 80
4 1
6 59
5 95
6 58
6 49
4 68
5 6
6 86
5 9
6 81
5 47
6 15
6 66
6 4
6 85
6 49
5 66
4 30
6 47
5 41
6 63
6 7
4 48
5 88
4 71
5 82
4 95
5 47
5 22
5 77
4 11
5 89
6 3
6 53
4 42
6 68
5 58
4 33
5 26
4 68
4 44
5 81
5 69
4 53
4 58
5 86
6 96
6 36
4 94
5 23
4 34
6 22
4 32
6 38
6 35
4 49
6 78
4 4
6 97
5 9
5 76
4 24
6 4
6 58
4 85
4 60
5 45
4 97
6 62
6 41
5 6
4 78
6 98
6 64
4 73
6 8
4 39
4 37
5 39
5 99
6 36
5 22
6 64
4 32
4 75
6 38
5 38
6 92
4 69
6 60
4 34
4 81
6 40
4 57
5 9
6 81
6 69
6 25
4 3
5 50
6 73
5 62
4 51
6 31
4 63
6 46
4 68
4 79
5 21
6 60
5 48
6 57
5 72
6 13
6 53
4 100
5 63
6 72
5 83
5 47
4 29
5 19
4 80
4 70
5 36
5 15
6 74
6 82
6 4
4 77
6 46
5 29
6 61
5 94
6 9
5 32
5 1
4 10
5 3
4 86
5 82
6 11
4 76
5 71
6 54
4 15
4 51
6 19
6 28
5 51
4 39
5 13
6 36
4 44
4 47
5 72
4 68
4 68
4 68
5 49
4 54
4 49
6 18
4 69
4 36
5 49
5 1
5 45
4 78
6 90
4 100
4 7
5 18
4 54
4 1
5 62
6 75
5 51
5 62
6 32
4 16
5 60
5 83
5 49
5 89
5 69
6 73
4 79
4 8
6 70
6 77
5 58
6 68
4 73
4 98
6 100
4 6
4 82
5 46
4 68
5 20
4 69
4 4
4 47
6 32
6 3
5 22
5 16
6 48
6 93
5 47
5 47
5 18
5 26
6 85
5 77
6 43
4 8
5 21
4 1
4 67
5 29
4 75
4 51
4 47
4 43
5 85
4 61
6 21
6 74
6 41
6 41
4 100
4 45
4 87
6 98
5 45
4 36
6 96
6 21
5 75
5 30
4 21
4 45
4 0
6 18
6 62
5 4
5 13
5 36
5 59
5 93
5 58
5 38
6 92
6 30
5 93
6 18
4 79
6 45
5 5
5 26
6 75
4 25
6 97
4 25
6 88
6 41
5 45
5 17
6 66
4 8
4 50
6 61
6 23
6 43
6 46
4 51
5 7
5 14
4 66
4 5
6 95
5 1
4 78
5 29
4 52
4 45
6 53
6 56
4 56
5 33
5 65
5 15
4 86
5 15
4 38
4 99
5 59
4 38
5 51
4 38
5 2
6 85
6 16
4 6
6 21
6 36
6 66
4 95
5 28
4 28
6 21
6 18
6 96
5 15
4 42
6 65
6 14
4 31
4 25
4 78
5 36
5 4
6 66
6 51
6 36
6 69
5 17
6 86
4 96
4 80
4 60
4 19
4 90
4 56
4 15
5 8
4 47
6 82
4 64
5 79
5 78
5 16
5 65
5 47
5 42
4 99
6 28
4 78
4 33
5 88
5 64
6 49
4 52
6 58
4 18
6 37
4 85
4 73
6 88
5 88
6 69
6 75
5 5
5 69
4 75
5 52
5 19
6 74
4 69
4 87
6 22
6 40
5 39
4 25
4 74
4 48
4 9
6 77
5 52
5 78
4 25
5 89
5 75
4 94
6 36
5 57
4 50
6 97
6 59
5 21
6 19
5 51
4 77
6 100
5 28
5 67
4 87
4 80
4 95
5 59
5 83
6 82
5 57
6 1
6 63
5 9
4 96
6 89
6 32
4 56
6 51
5 27
6 44
6 27
5 50
6 34
6 34
5 59
6 45
6 86
6 73
4 9
4 47
4 20
4 44
6 88
4 18
5 54
6 74
6 44
4 31
5 50
6 84
6 21
6 62
4 52
4 49
6 35
6 59
5 19
4 10
5 33
4 57
4 35
6 92
6 21
6 65
4 12
6 89
5 2
5 88
4 36
6 6
4 26
5 47
5 47
6 36
5 9
6 65
6 28
6 64
6 85
5 97
6 29
5 88
4 100
5 98
6 68
4 46
4 60
4 90
5 25
5 68
4 52
5 86
5 89
6 41
6 38
6 31
5 72
5 14
4 5
6 21
4 6
4 19
4 64
6 25
4 50
4 66
5 48
4 50
5 12
4 79
5 44
4 31
5 22
4 46
4 75
4 33
6 71
6 33
5 45
5 52
4 100
5 25
5 32
4 9
4 26
5 4
5 91
5 78
5 84
6 35
6 17
5 93
4 100
6 9
5 32
6 87
4 24
4 0
4 20
6 73
4 17
6 85
5 32
4 3
4 3
5 5
6 38
4 7
5 49
5 33
4 26
4 86
6 22
5 76
5 40
5 22
6 39
4 82
4 66
4 56
5 32
4 89
4 15
4 60
6 5
6 74
5 53
5 61
5 9
5 4
4 86
4 79
6 64
6 7
4 75
6 86
6 54
6 91
6 43
5 63
5 11
6 55
4 94
4 87
4 93
4 53
5 82
5 71
4 92
4 15
4 55
6 8
6 69
5 69
5 25
4 34
6 16
4 96
6 70
6 13
6 87
5 100
5 95
5 33
4 42
6 25
5 50
5 1
4 65
5 63
5 32
4 49
6 84
6 25
5 7
5 5
6 95
5 55
6 43
6 73
6 43
6 4
5 86
6 34
6 91
5 37
4 10
6 48
6 57
5 67
5 89
4 21
6 23
6 62
6 100
6 11
6 81
4 47
4 73
5 17
4 73
6 70
6 75
4 92
5 51
5 55
5 73
4 82
4 50
4 96
5 17
6 9
5 85
5 66
4 55
6 10
6 72
5 58
4 8
4 47
5 15
6 40
4 87
4 75
6 62
5 13
5 71
6 76
4 62
6 55
6 70
5 70
4 83
6 47
4 78
4 51
5 2
5 87
6 96
5 26
5 59
6 76
6 31
6 63
4 45
5 64
6 23
4 12
5 3
6 27
5 34
4 87
5 9
5 36
5 53
4 5
6 99
6 47
6 8
4 13
4 83
6 29
4 65
4 13
6 17
5 69
6 24
6 69
4 11
4 9
4 85
5 41
5 98
5 71
5 87
5 6
6 4
5 69
5 12
4 8
6 69
5 97
4 78
5 71
4 45
6 99
6 8
4 32
5 65
4 8
6 26
5 19
6 69
4 95
4 43
5 14
5 69
