20764
21668
23326
28546
21907
22524
28934
20417
28402
23962
27327
19916
27485
28825
21428
21072
22460
21708
22692
19850
22165
22767
26900
28977
22290
29081
22189
21711
21115
20556
22884
27260
22361
21333
22664
26691
29639
21423
28079
22493
20483
21859
22840
23806
18596
21376
22646
22575
27447
21114
20647
28252
19683
27566
29385
20136
27159
21900
19797
26586
28271
23217
20811
20675
27243
22785
26754
27355
21668
23719
27772
29105
21236
21565
23531
21334
29145
21208
22025
22471
19958
28659
21337
27735
20679
21163
27059
28688
20186
27167
27575
21941
21886
21168
