4
2293 8000 5800878
6 62
5 42
4 60
4 90
5 44
4 8
4 6
6 97
4 79
4 0
4 74
5 41
4 32
5 48
4 33
5 15
6 88
5 71
5 49
5 100
5 70
5 74
4 71
5 28
6 48
4 55
6 32
4 79
4 25
6 13
5 83
6 81
6 85
6 79
5 39
6 95
4 11
5 11
6 11
6 35
4 0
4 84
5 25
4 81
5 29
4 75
4 30
6 34
6 44
4 85
4 20
6 5
5 43
4 100
4 85
6 18
5 14
4 9
5 53
5 83
5 2
4 64
5 69
4 53
6 42
5 43
5 74
6 72
5 0
4 37
6 82
4 73
5 1
4 36
6 10
4 85
4 39
4 99
6 10
5 36
4 22
6 51
5 35
6 40
6 47
4 17
6 76
4 40
6 26
6 22
5 95
5 73
6 33
6 85
5 47
5 73
6 83
6 13
6 74
5 92
4 57
6 37
5 8
6 21
5 31
4 97
6 36
4 98
5 91
6 75
5 94
4 99
4 76
6 93
4 68
5 76
5 75
4 0
6 63
5 30
4 24
6 69
6 74
6 3
5 62
5 81
4 12
6 7
4 45
5 53
5 63
5 57
6 90
6 53
6 49
5 88
6 53
4 5
4 24
5 75
4 8
5 63
4 99
4 58
4 68
5 21
6 58
4 38
6 96
5 18
6 58
6 15
4 94
6 30
6 17
6 0
5 99
6 94
4 19
4 4
5 31
4 75
4 57
5 65
5 69
6 65
6 41
4 46
5 59
6 90
4 33
5 66
6 21
6 20
6 77
6 46
6 71
5 23
4 33
5 15
5 42
6 58
4 69
6 62
4 34
6 73
4 55
6 12
6 25
5 44
6 72
5 49
5 75
6 10
6 52
6 99
4 50
6 92
4 69
4 35
5 51
5 5
4 65
4 55
4 45
5 39
6 63
4 10
6 37
6 8
6 2
6 51
6 65
6 100
5 2
6 100
5 38
5 45
5 56
6 31
6 38
6 8
6 35
5 38
5 76
4 76
6 51
6 74
5 54
4 78
6 66
5 48
5 42
6 81
6 3
5 9
5 91
6 65
6 68
4 66
4 99
5 21
6 65
4 41
6 27
4 43
4 74
5 38
6 34
5 22
5 9
6 36
4 6
6 43
4 99
4 13
5 95
4 13
5 16
6 63
6 69
5 32
4 80
6 71
5 20
6 71
5 72
4 10
5 23
5 66
6 96
5 17
6 51
5 75
4 79
6 48
6 70
4 71
6 9
5 26
4 83
6 38
4 4
4 64
6 100
4 58
5 74
6 28
6 68
6 73
5 36
5 82
6 45
4 96
6 68
4 74
6 85
5 47
5 61
5 49
4 81
5 65
6 27
6 44
5 29
4 33
5 52
6 35
6 62
5 69
4 43
6 86
5 71
6 4
5 9
6 88
6 74
5 94
5 37
5 37
6 69
4 63
4 94
5 84
4 72
5 59
6 63
5 76
5 49
5 49
6 24
6 4
5 90
4 37
4 82
6 31
4 65
4 16
6 77
4 32
4 27
5 42
5 44
6 27
4 28
4 10
4 16
5 83
5 100
6 48
6 13
4 74
4 98
4 25
6 97
5 94
6 34
6 36
5 50
5 76
4 54
4 12
6 43
6 95
6 21
6 30
5 76
4 53
5 43
4 37
5 73
6 42
4 24
6 39
5 40
6 41
5 63
5 65
5 11
4 51
4 4
4 34
4 57
5 20
6 20
6 77
4 90
4 39
6 84
6 0
5 38
4 16
4 66
5 78
5 31
6 48
5 99
6 30
6 83
4 53
5 91
4 73
4 74
4 51
4 21
4 36
6 100
6 11
6 59
5 45
4 7
5 27
4 49
5 59
4 14
5 34
6 47
5 33
6 16
5 99
5 23
5 69
5 7
4 80
6 75
5 93
5 70
5 26
6 46
6 83
6 38
5 12
4 9
6 61
4 33
6 93
6 86
6 34
6 1
5 63
6 10
4 67
6 62
6 5
5 2
5 85
5 8
4 80
4 52
6 36
6 37
5 0
5 94
5 97
6 28
4 34
6 67
4 55
4 16
5 99
6 97
5 1
5 9
5 94
5 71
5 18
4 12
6 36
4 22
5 40
5 24
4 61
6 31
4 96
6 34
6 62
5 26
4 58
6 79
6 65
4 50
4 14
5 14
5 3
6 12
6 98
6 57
6 51
6 62
6 44
6 8
5 86
5 3
4 48
4 30
6 70
4 12
6 5
5 96
4 94
4 67
4 65
4 21
4 43
6 9
6 53
5 15
4 22
5 90
4 0
5 9
6 19
4 88
5 73
6 15
6 56
4 6
6 94
4 75
5 92
4 60
4 91
4 75
6 40
6 64
5 71
6 56
5 96
5 53
4 94
5 66
5 28
5 48
4 55
5 83
5 16
4 25
5 47
5 90
4 15
4 27
6 91
6 11
6 0
4 20
4 73
4 45
4 100
6 75
5 83
5 21
6 43
4 3
5 5
6 28
5 55
4 11
5 96
6 93
5 98
5 55
6 8
5 18
5 42
5 54
5 93
4 15
5 64
5 83
4 68
4 74
5 22
4 38
4 88
4 4
6 93
6 2
6 13
4 33
5 52
5 11
4 64
4 54
4 100
6 69
4 6
5 6
6 15
5 49
5 52
5 67
4 67
4 90
4 94
5 48
6 57
5 12
4 52
5 31
6 28
5 99
4 65
4 3
6 4
6 89
6 79
5 23
5 28
5 3
4 83
6 96
5 48
6 95
6 9
4 34
4 75
5 19
6 0
6 36
6 76
5 26
4 71
5 40
5 13
5 61
6 46
4 34
4 88
5 93
6 17
6 83
6 18
6 43
6 75
6 1
5 55
6 74
6 63
5 1
6 33
5 19
5 67
6 11
6 32
5 56
6 13
4 50
5 80
4 26
4 21
4 16
6 56
4 43
5 68
4 74
5 64
4 91
5 83
5 26
6 49
4 85
5 66
5 75
5 42
6 1
4 93
6 65
6 87
5 41
5 88
4 83
5 67
4 79
5 90
6 61
4 30
4 82
4 93
5 14
6 25
6 15
5 73
4 2
5 59
4 53
6 77
4 68
5 73
5 87
4 85
6 81
5 73
5 88
6 43
6 0
4 24
4 45
5 15
6 7
5 82
4 74
6 88
5 8
5 22
5 58
4 26
6 50
5 76
5 77
4 43
5 33
4 60
4 49
4 36
6 55
5 10
5 60
6 30
4 86
4 76
5 21
4 80
4 96
4 41
5 97
4 97
4 36
6 11
5 97
4 81
6 98
6 64
4 96
5 30
4 73
5 40
4 87
4 66
6 59
6 49
5 81
5 2
4 39
5 79
6 66
6 24
5 33
6 10
4 45
5 60
6 7
4 62
4 27
4 16
6 69
4 45
5 6
5 45
4 61
6 74
6 57
5 1
4 13
6 58
6 20
6 71
4 66
5 56
6 2
4 55
5 34
5 10
6 21
4 38
6 89
6 73
5 69
6 18
6 77
4 1
4 12
6 64
5 6
6 20
6 92
4 26
4 63
6 24
6 95
4 31
6 2
5 2
5 12
5 60
5 18
4 85
6 96
5 25
6 83
5 72
4 13
5 72
6 52
5 22
4 90
6 17
6 65
5 3
4 67
5 51
5 78
4 57
6 75
4 93
4 45
4 76
4 10
5 3
6 15
6 7
5 33
4 34
4 76
4 20
4 31
4 81
4 88
4 6
4 92
6 72
6 67
4 4
4 71
4 99
4 54
6 74
6 4
4 20
4 27
5 14
6 13
5 53
5 25
5 32
4 25
6 85
5 69
6 52
4 63
4 85
4 65
6 68
6 55
6 97
5 27
6 37
5 33
4 50
4 44
4 90
5 54
5 57
4 96
6 87
5 78
5 2
5 37
6 57
6 77
6 49
5 26
6 75
5 58
4 25
6 63
4 32
4 31
4 7
6 34
6 73
4 3
6 89
6 12
4 43
4 31
6 34
5 19
5 81
5 73
6 9
5 76
4 2
6 83
6 73
5 94
5 35
5 27
5 80
5 88
6 19
6 18
5 11
4 97
6 21
6 77
5 82
6 29
5 91
6 67
4 46
4 80
5 24
5 82
4 3
4 61
6 68
5 31
5 66
4 6
5 19
6 92
4 75
4 14
4 69
4 20
4 57
4 60
5 88
6 37
4 89
4 47
5 14
6 68
4 6
4 13
5 41
4 12
5 27
5 1
5 89
6 69
4 26
6 26
6 91
5 14
4 70
4 10
6 77
5 80
6 72
6 67
6 38
6 14
4 45
6 67
6 27
5 53
5 66
4 72
5 91
4 13
4 73
5 48
4 26
6 16
4 96
4 4
6 78
6 51
6 5
4 94
4 1
4 28
5 47
5 62
6 22
6 30
4 75
6 20
5 22
4 7
6 14
6 94
4 50
4 30
5 64
6 88
6 15
5 87
4 27
6 29
5 48
6 14
4 40
4 4
5 95
5 20
4 47
5 39
5 17
6 65
5 80
5 34
5 70
6 88
6 27
6 37
6 68
5 26
5 55
5 75
5 17
6 32
5 100
5 81
4 74
6 21
6 89
5 34
6 39
5 39
5 66
5 68
5 16
6 100
6 30
6 30
6 89
4 4
5 54
6 67
6 94
4 20
5 76
5 54
4 29
6 93
5 1
6 21
4 32
4 5
6 12
6 46
4 67
4 46
4 94
5 32
4 86
6 98
4 37
4 95
6 69
6 89
6 41
6 8
6 9
6 64
5 83
4 68
6 84
6 86
5 13
5 60
4 2
5 61
5 7
4 26
6 46
4 54
4 82
4 13
6 82
5 71
5 15
5 16
5 52
5 47
4 65
5 58
6 13
4 83
5 62
6 31
4 92
4 25
6 48
5 60
4 59
4 61
6 23
6 12
5 52
4 53
6 28
5 92
5 79
6 66
6 88
6 44
6 87
6 76
4 61
6 59
4 80
6 40
5 43
5 71
4 57
4 63
5 46
6 48
6 38
4 50
5 13
6 61
6 27
6 46
6 21
5 62
5 91
4 52
5 74
5 100
5 27
5 37
5 11
6 42
6 41
6 22
4 15
4 59
6 93
5 45
5 52
5 8
5 32
5 26
6 69
5 53
4 45
6 61
5 52
4 46
6 22
4 8
5 98
4 98
6 13
5 20
5 60
5 39
6 7
6 59
4 58
4 100
5 56
6 61
6 16
4 1
4 1
6 14
5 29
4 68
6 17
4 92
6 17
6 56
4 54
4 73
6 99
6 74
6 14
4 30
6 3
6 67
6 17
5 57
5 27
6 86
5 74
4 53
4 48
5 21
6 67
5 63
5 42
5 74
5 70
6 69
5 97
5 23
4 51
5 9
4 46
5 7
5 80
4 40
4 75
6 93
4 68
6 93
5 96
5 79
6 68
4 60
5 19
6 60
4 44
4 2
4 69
5 57
4 9
6 99
4 24
6 57
5 24
5 35
5 10
6 37
5 23
6 89
4 53
6 15
4 49
6 86
5 51
5 12
4 46
6 15
6 72
6 53
6 75
4 95
4 82
4 88
6 43
5 37
6 1
5 89
4 40
5 76
5 94
5 78
5 86
4 40
5 33
6 5
5 74
4 80
4 83
6 52
5 84
5 78
5 31
4 38
5 43
6 75
4 23
6 64
4 43
4 1
5 59
4 2
5 62
6 36
4 89
4 15
4 90
4 66
4 19
5 15
6 88
5 83
6 0
4 17
6 75
4 90
4 25
6 40
6 51
6 91
4 88
5 75
6 43
6 68
4 50
6 55
5 39
6 69
6 20
6 30
6 85
6 43
5 64
5 86
5 53
5 66
4 7
4 67
4 95
4 20
6 19
4 60
4 61
5 46
6 36
6 20
6 17
4 85
4 96
6 46
6 59
5 58
5 2
4 1
4 40
5 28
5 27
5 39
6 37
6 30
6 93
5 63
5 11
5 61
6 23
4 43
4 80
5 85
4 45
4 81
5 93
4 5
4 69
4 74
4 45
5 87
4 0
5 0
5 74
4 70
5 46
4 26
6 77
4 6
4 88
4 53
5 18
4 1
4 41
4 84
6 40
6 10
4 95
5 7
6 100
4 98
6 19
4 54
5 52
6 46
5 54
5 62
6 43
6 71
4 96
4 29
4 57
6 93
4 43
4 37
6 25
4 47
4 79
4 42
4 27
5 81
4 5
4 69
4 66
5 92
5 40
4 72
5 54
4 61
5 23
5 57
5 70
5 19
6 15
4 1
5 48
4 19
5 1
5 44
6 69
5 41
6 84
4 54
5 62
6 0
4 51
6 64
4 92
6 34
5 44
6 2
6 48
5 77
6 80
4 64
6 40
5 7
6 92
6 26
4 79
4 82
5 99
4 31
4 79
4 80
6 57
4 61
5 39
5 97
4 62
5 68
5 51
6 18
5 83
4 99
5 53
6 39
5 29
5 76
4 92
5 74
5 27
4 33
4 2
5 40
4 41
4 20
5 15
5 8
4 66
4 61
5 30
5 25
5 94
5 70
6 27
4 7
5 26
6 42
4 20
6 1
6 75
4 17
6 26
6 29
5 38
6 4
4 8
6 21
4 37
6 73
4 24
4 23
6 45
6 13
4 44
4 56
6 65
5 48
5 72
4 9
4 21
5 45
5 73
5 99
5 3
5 97
4 48
4 3
4 76
5 90
5 84
5 46
4 18
4 7
5 46
4 37
6 96
4 50
4 17
4 49
4 31
4 6
6 57
4 71
5 0
4 71
6 93
5 3
4 3
4 71
6 55
6 94
6 87
5 43
5 40
6 64
5 12
5 50
4 82
5 86
5 51
4 40
6 81
4 82
4 17
4 58
4 76
4 4
5 13
6 25
6 13
4 100
5 44
4 70
5 64
4 100
5 53
5 5
4 91
6 24
6 15
6 31
6 47
4 90
5 11
4 68
6 77
6 49
6 27
4 94
4 61
6 79
5 61
5 39
4 67
4 27
5 92
6 93
5 61
4 17
5 33
4 14
4 53
6 72
5 48
5 26
4 20
5 4
5 13
6 100
4 89
6 88
6 59
4 0
4 85
5 74
4 35
6 64
4 91
4 50
4 31
4 93
5 33
5 30
6 28
4 13
6 55
6 77
5 92
4 81
5 74
5 73
5 14
6 16
6 96
5 70
4 80
5 83
5 7
4 69
5 29
6 60
5 20
6 20
4 97
6 43
5 72
5 28
5 93
4 70
6 89
6 68
4 44
4 18
4 62
4 66
6 4
5 82
5 44
4 33
6 35
5 55
5 25
6 11
4 51
4 60
6 95
6 98
5 30
5 23
6 77
5 65
6 65
4 22
6 4
5 1
5 6
4 96
4 60
5 6
5 97
4 35
5 12
5 6
6 18
5 75
6 32
4 55
4 68
5 81
6 45
6 34
6 11
4 45
6 85
5 77
4 87
5 61
6 36
4 99
5 64
6 72
6 92
4 36
4 91
4 93
5 72
5 85
5 74
5 6
5 39
4 21
6 35
6 38
5 88
5 98
5 85
5 57
5 28
6 23
4 97
6 34
4 2
4 80
4 67
6 85
4 5
5 12
5 61
4 70
6 34
4 29
6 11
5 72
4 27
4 73
5 78
6 1
4 34
6 81
4 77
6 20
6 12
5 27
6 84
4 5
4 37
4 23
6 4
5 12
6 25
4 65
6 86
4 52
6 29
5 25
5 33
5 79
6 14
4 27
4 68
4 43
6 78
5 96
6 69
4 28
4 47
4 39
5 53
4 100
5 57
6 93
6 51
5 8
4 54
4 28
6 79
5 57
5 20
5 3
5 73
5 86
6 58
5 49
5 84
5 21
4 68
5 88
4 24
4 73
5 45
4 3
4 43
4 50
4 85
5 55
5 46
5 24
5 17
4 59
5 48
4 77
4 42
4 22
5 59
6 45
4 52
5 69
6 5
5 83
6 1
4 46
4 93
6 59
5 38
6 94
6 40
4 8
5 82
4 77
4 82
4 7
6 58
6 41
4 89
4 50
4 65
4 21
6 1
4 15
6 67
6 100
5 26
6 76
5 6
5 96
4 56
4 22
5 40
4 57
4 81
6 38
5 41
4 2
6 51
4 11
5 63
4 47
6 1
6 87
6 5
6 47
5 27
5 79
4 39
6 56
6 45
5 10
6 95
6 52
5 36
4 5
4 53
5 41
5 27
6 16
4 44
4 16
4 16
5 65
5 52
4 8
4 55
5 46
6 61
6 94
4 93
4 39
5 36
4 40
5 97
4 84
6 24
6 36
4 93
6 12
5 46
5 69
6 18
4 67
5 35
4 76
4 77
4 95
6 19
6 21
5 20
4 91
6 54
4 0
5 47
5 13
5 5
5 30
4 72
6 40
5 73
4 61
5 98
5 0
4 39
5 52
6 11
5 95
4 93
5 5
4 94
4 34
4 38
6 22
5 13
4 94
4 99
4 78
6 0
6 47
5 1
6 14
5 70
6 84
6 79
6 69
6 72
6 14
6 59
5 31
5 56
4 64
6 91
4 6
5 57
5 14
4 38
4 74
6 59
4 34
6 83
5 59
6 57
6 33
5 54
5 11
4 0
6 99
4 21
6 31
6 37
4 62
6 46
5 69
5 29
6 49
5 94
4 37
6 53
6 91
4 50
6 21
6 14
5 93
6 0
6 92
4 2
4 35
5 42
6 94
5 88
4 63
4 50
5 92
5 23
4 19
6 4
6 41
6 39
6 93
6 62
6 62
5 41
5 58
4 94
6 43
4 66
6 94
6 3
5 33
6 20
5 51
5 53
4 23
6 66
6 68
6 21
4 45
6 93
4 4
4 41
5 40
5 98
4 69
6 85
4 31
5 17
5 26
5 0
4 82
6 62
6 14
6 16
6 92
4 50
5 4
4 51
6 21
5 71
6 66
6 88
6 5
6 99
4 35
4 76
5 72
4 93
5 28
6 30
6 60
5 69
4 20
5 24
4 68
5 25
6 61
4 43
4 22
4 34
4 7
4 93
5 96
5 89
6 81
5 85
6 44
4 73
4 91
4 75
6 79
6 35
6 100
6 2
4 73
4 79
4 98
4 32
5 60
6 18
4 39
4 52
4 97
5 0
5 83
4 23
5 78
4 52
4 19
6 45
6 55
6 95
6 16
6 98
4 48
4 27
6 0
4 26
5 96
4 56
5 54
6 54
4 58
4 12
6 5
6 67
5 34
4 82
5 1
5 93
4 43
6 0
4 55
6 20
5 95
6 46
6 33
6 5
6 90
5 57
5 26
5 80
4 76
6 75
6 39
5 77
6 44
6 19
4 95
6 26
4 62
6 74
6 22
4 20
6 9
5 55
6 95
6 69
4 62
5 89
6 100
5 15
5 69
5 62
5 87
4 97
5 43
5 35
4 1
4 33
5 87
5 77
6 81
6 9
6 48
4 6
4 74
5 6
6 73
5 76
4 17
5 28
4 83
4 19
6 30
4 17
4 45
6 35
5 90
4 25
5 17
4 55
6 3
5 1
4 24
4 60
6 88
5 35
4 59
4 91
4 20
5 55
6 56
4 91
5 61
4 69
4 55
5 10
4 81
4 79
5 96
4 47
5 10
5 71
4 5
5 30
5 10
4 22
4 52
4 25
4 51
5 36
6 71
4 0
5 58
4 94
4 35
6 28
4 48
6 32
4 78
6 82
4 63
4 26
6 2
6 27
4 36
6 97
4 84
4 94
5 48
5 14
5 64
5 87
5 74
4 62
5 37
4 37
6 31
4 16
5 99
4 20
6 30
5 74
5 84
6 78
5 49
4 54
5 51
4 0
4 18
6 30
5 63
6 74
5 11
6 33
5 52
4 77
5 89
4 27
5 34
5 48
5 10
5 87
6 14
5 30
4 40
6 54
6 47
5 6
4 84
4 35
6 55
5 2
5 40
6 56
6 16
6 26
6 8
5 34
4 54
6 49
5 21
6 56
5 40
6 26
6 60
4 42
6 9
4 19
5 100
5 75
6 96
6 57
5 65
5 100
4 33
4 87
5 12
4 22
6 69
4 6
4 69
6 31
4 68
5 28
5 68
4 22
4 67
4 94
6 94
4 28
6 78
5 1
6 11
4 89
4 71
6 73
5 87
4 63
4 86
5 39
6 78
5 86
5 55
5 36
4 16
5 54
5 7
6 17
5 24
6 32
6 15
6 69
5 9
5 58
5 27
6 98
5 49
5 40
6 39
4 50
4 16
4 79
4 30
6 26
5 23
6 69
5 97
6 46
5 8
6 100
4 1
5 80
4 56
4 57
4 33
5 45
6 73
6 12
6 21
2064 8000 9670196
4 12
4 22
4 4
5 6
6 92
6 41
5 73
4 93
4 20
6 73
6 23
6 75
5 10
5 86
5 51
4 76
6 51
5 19
5 2
6 7
4 93
5 77
6 86
5 40
4 70
4 75
4 88
5 36
4 69
6 89
6 59
5 68
6 38
5 8
6 13
4 67
6 41
5 33
6 76
4 10
5 99
6 10
5 56
4 54
4 19
4 99
5 97
4 58
5 6
6 93
6 77
4 15
5 60
5 88
5 1
6 39
6 9
5 78
4 52
6 88
6 47
5 45
4 11
5 33
6 39
5 74
4 10
5 77
6 27
5 59
4 34
4 66
4 55
4 64
6 9
5 28
4 73
4 85
4 4
6 20
4 32
4 4
5 27
5 97
4 3
4 70
5 37
5 85
6 8
6 95
6 32
5 59
6 74
4 83
6 84
5 53
6 10
4 76
4 29
4 7
6 77
6 73
4 40
4 60
5 69
6 44
4 41
5 34
4 45
6 27
4 88
4 48
5 25
5 24
6 58
6 35
4 17
5 87
6 22
6 35
5 92
4 41
6 79
5 34
6 85
6 70
4 31
5 28
5 18
4 70
4 48
4 44
5 30
4 40
5 94
6 4
4 22
4 79
4 69
6 26
5 36
6 79
5 69
5 34
5 98
4 95
4 61
5 92
4 60
5 39
4 9
4 77
6 62
5 13
5 63
4 35
4 44
6 1
6 79
6 5
6 100
6 97
6 78
5 93
5 63
4 78
5 58
6 24
6 65
6 56
6 2
6 97
4 30
6 14
6 16
6 31
4 72
6 12
5 80
5 53
4 27
5 2
6 13
4 4
6 74
5 76
5 21
5 65
5 15
4 99
4 36
5 31
6 83
4 34
5 45
4 52
4 7
4 39
4 79
4 55
5 64
5 97
4 26
4 72
4 84
4 57
5 21
4 74
6 5
6 98
5 50
4 12
6 65
5 59
5 34
5 82
5 34
6 91
4 69
5 82
6 51
5 95
6 23
6 98
5 84
4 61
6 45
6 72
5 83
5 37
5 53
5 56
4 88
4 2
4 36
4 57
5 22
5 41
6 55
5 26
5 98
6 55
6 67
4 61
5 82
6 97
4 15
4 80
4 52
6 60
5 37
4 87
5 59
5 49
6 93
5 35
5 23
5 12
6 73
6 17
4 97
6 32
6 58
4 62
4 64
4 28
5 91
5 14
6 64
4 73
5 94
4 26
6 43
4 31
4 11
4 7
6 56
5 97
4 41
6 68
4 41
6 32
6 5
5 9
5 44
4 17
4 2
6 63
5 53
4 23
5 19
6 44
6 44
6 13
5 26
5 12
4 53
6 61
4 10
4 43
6 71
6 92
6 49
5 34
6 72
4 38
6 57
4 0
4 15
6 82
5 34
4 2
6 26
6 56
6 65
5 66
6 89
5 15
6 72
4 90
4 90
4 46
5 54
5 67
5 36
5 82
6 20
5 67
5 34
5 38
5 40
5 67
6 41
5 86
6 24
5 86
5 75
6 35
6 41
4 27
6 2
4 37
5 62
4 70
5 5
4 10
6 31
4 11
6 43
4 7
5 16
4 70
4 56
4 2
4 98
5 3
4 25
4 40
5 23
5 4
5 27
4 68
4 71
5 46
5 52
4 7
6 56
5 96
5 56
5 73
5 34
5 78
5 46
6 96
5 98
4 20
4 8
6 64
6 24
4 18
5 55
6 28
6 83
5 25
4 51
5 33
5 60
6 16
4 11
6 84
4 23
6 79
4 76
4 55
4 32
4 82
4 53
4 26
6 17
4 98
5 54
5 34
4 83
5 77
6 98
6 19
6 72
6 70
5 45
4 64
6 42
4 81
4 55
6 82
6 8
6 63
4 33
5 81
5 50
6 56
6 79
4 44
6 85
5 47
6 40
6 30
5 53
5 67
5 100
6 73
5 29
4 29
6 34
4 2
6 7
4 59
4 0
6 31
4 6
6 54
4 16
5 37
4 18
5 69
4 25
6 94
4 75
6 84
4 53
4 90
6 11
4 24
6 22
5 58
5 70
6 76
4 9
5 70
4 5
4 39
5 63
6 65
4 60
5 8
5 93
5 46
4 3
4 12
4 99
4 17
4 87
6 41
5 86
6 87
5 24
4 88
4 6
5 27
4 35
4 11
4 75
6 30
4 36
6 57
5 19
5 80
4 36
4 86
4 92
6 27
6 68
5 54
6 93
5 39
4 96
5 41
4 82
6 96
6 86
4 27
6 86
6 8
6 5
6 61
5 18
6 9
4 75
5 63
6 0
4 86
6 92
4 24
5 95
6 22
5 97
4 80
5 90
4 1
6 26
4 35
5 65
4 43
4 11
4 34
5 56
5 74
5 29
5 23
6 88
6 5
6 40
6 15
5 17
4 36
6 88
6 52
5 82
6 71
5 39
6 67
4 20
5 18
4 52
6 98
5 8
6 83
4 65
4 52
5 9
4 31
6 83
4 3
5 77
6 62
5 28
6 50
4 36
4 65
4 76
6 19
6 82
6 98
6 7
6 94
6 8
6 68
4 76
6 81
4 19
6 59
6 84
4 18
5 53
4 43
4 4
4 99
6 9
5 20
4 80
5 41
6 35
6 77
6 26
6 21
5 78
6 57
4 70
4 63
5 23
4 29
5 82
5 6
5 58
6 89
5 28
6 84
5 21
4 87
4 61
5 12
6 49
6 79
4 90
4 40
5 9
4 97
4 100
5 78
5 64
4 34
6 62
5 48
6 100
6 98
4 59
4 10
5 67
4 3
6 99
5 20
6 33
4 80
6 13
5 20
5 30
4 29
5 85
4 43
5 42
4 22
5 62
4 16
4 26
6 5
6 42
6 70
4 3
5 5
4 72
6 12
5 76
6 87
5 83
4 38
4 71
6 83
6 35
5 38
5 2
4 43
6 62
5 5
5 17
6 8
6 59
6 67
5 58
5 30
6 52
6 77
5 92
4 9
5 65
4 94
4 29
5 89
4 46
5 40
5 9
6 30
4 40
5 98
5 33
4 79
5 57
4 69
4 16
4 14
4 25
5 9
5 8
4 50
6 41
4 25
4 31
4 1
6 29
4 84
5 80
4 88
6 52
5 52
4 75
5 68
6 1
4 100
5 70
4 60
4 73
4 77
4 11
6 11
4 44
5 62
5 77
6 35
5 37
6 69
6 79
5 55
6 24
4 41
5 72
6 35
5 80
5 72
6 6
6 71
5 68
6 89
5 49
6 33
4 11
6 23
5 0
4 61
6 86
5 2
5 54
6 24
5 44
5 1
6 42
4 7
5 77
4 30
6 52
6 1
6 86
5 15
6 82
4 24
5 40
5 61
4 94
4 82
4 74
6 59
5 6
5 35
4 45
6 23
4 36
6 61
6 100
6 45
5 64
6 100
5 70
4 86
4 44
6 97
4 13
5 20
4 78
5 7
4 12
6 66
4 37
5 73
4 52
5 90
5 42
6 53
6 85
6 87
4 40
5 68
5 67
5 27
6 93
4 28
6 32
5 55
6 85
4 79
5 4
5 10
4 93
4 22
4 77
6 68
5 88
6 96
4 22
6 60
5 44
4 34
5 75
5 38
4 56
6 0
4 62
6 1
4 79
4 92
5 95
4 5
5 51
5 89
5 41
6 33
4 72
5 63
4 52
6 28
5 59
5 3
4 98
5 32
4 100
5 99
6 20
4 65
4 15
6 94
6 34
4 71
5 89
4 60
4 91
5 21
6 69
6 55
5 17
4 48
6 3
6 43
4 32
5 38
5 97
6 72
6 47
5 72
4 17
6 5
5 22
5 12
5 92
5 99
6 38
6 79
5 65
6 76
6 74
4 0
5 97
5 54
4 35
5 9
6 25
5 98
5 4
4 87
6 40
4 48
5 15
6 1
4 60
4 17
5 80
6 29
4 45
6 77
4 42
6 44
6 75
4 43
6 84
4 39
5 69
5 85
4 16
5 99
6 52
5 88
4 66
5 74
4 36
6 35
4 32
4 45
4 21
5 84
6 32
5 96
5 46
6 31
5 43
4 51
4 71
5 36
5 63
6 55
6 10
6 97
6 63
6 74
5 91
4 33
4 23
5 35
4 86
5 36
4 66
6 77
4 54
6 51
6 80
5 76
5 95
6 54
4 64
5 52
6 74
6 46
4 50
5 68
6 53
5 31
4 77
4 2
4 19
4 83
5 12
4 5
6 72
5 99
6 79
4 3
5 3
4 22
4 24
6 5
6 25
4 5
6 67
5 92
6 74
6 10
4 54
6 94
4 60
4 35
5 52
4 51
5 91
6 6
6 12
6 59
4 70
4 11
4 98
6 32
6 7
5 57
6 59
5 13
4 24
5 53
4 38
6 94
6 39
6 44
5 84
6 90
6 97
5 83
4 54
4 7
5 18
5 88
6 84
4 60
6 26
5 73
6 41
4 3
4 59
5 10
5 64
4 78
6 48
6 19
5 64
4 55
5 22
5 83
5 9
4 79
6 85
5 73
5 82
6 2
5 2
5 52
5 78
4 70
6 36
6 85
4 37
6 94
4 55
5 83
4 91
5 49
6 87
6 82
5 94
6 98
5 43
5 87
4 18
5 72
6 71
5 22
5 80
5 59
4 74
4 24
6 10
4 11
5 44
5 35
5 36
6 20
4 6
5 10
4 56
5 28
6 69
6 100
4 27
4 81
5 27
6 65
6 76
4 66
6 49
4 42
5 38
4 98
6 55
5 39
6 63
6 93
4 11
4 87
5 63
6 10
5 48
6 40
4 17
6 43
6 76
6 30
4 72
6 77
5 79
5 26
4 27
6 76
6 50
5 33
4 62
6 14
4 94
5 13
5 17
6 3
6 64
4 82
4 83
4 49
4 23
4 7
5 8
5 56
5 43
6 24
6 43
4 96
4 30
6 22
4 94
5 62
6 19
6 46
6 39
6 28
4 32
6 70
4 55
5 5
6 66
6 94
5 70
5 59
6 22
6 40
5 88
4 6
4 40
4 93
5 61
5 41
4 51
4 50
6 97
4 24
5 14
6 26
5 90
6 55
6 29
5 86
4 23
6 3
6 9
5 88
5 56
4 27
6 42
5 38
6 93
5 6
5 64
6 19
4 49
6 27
4 31
5 68
4 58
6 65
6 100
5 8
4 21
6 70
6 79
6 26
6 66
6 75
4 47
6 77
5 43
4 5
6 69
5 58
4 60
6 5
6 2
5 73
6 50
6 26
6 7
4 71
5 81
5 60
6 27
4 24
5 30
6 40
6 68
5 73
4 48
6 94
4 12
6 45
6 50
4 81
4 14
5 17
4 8
6 29
5 4
6 7
5 58
6 19
5 68
5 70
6 5
6 20
6 19
4 62
6 64
4 19
6 89
5 39
4 30
4 46
5 70
5 12
5 99
5 63
4 31
6 88
5 21
6 16
5 70
5 45
5 67
4 21
6 36
4 15
4 89
5 90
5 55
6 36
5 40
4 5
4 63
5 80
6 92
4 82
4 19
4 52
4 20
6 0
4 30
5 64
4 78
4 79
6 32
4 80
6 46
6 75
5 17
5 95
5 30
4 48
6 5
6 83
5 96
4 70
4 86
4 42
4 66
5 87
6 87
6 28
6 94
5 40
6 13
5 42
6 39
5 24
5 1
4 45
4 88
5 30
4 68
5 58
6 81
4 22
5 68
6 56
4 32
6 83
6 24
5 30
6 5
6 86
6 67
5 100
5 63
5 14
6 62
4 36
5 99
6 31
4 12
4 28
4 54
5 14
4 81
4 82
6 8
6 76
5 40
4 7
5 74
6 98
5 90
4 23
4 15
5 99
5 96
5 7
6 49
4 85
6 84
6 85
4 19
5 31
5 67
5 98
6 98
6 68
6 83
6 70
6 14
6 7
6 7
5 43
4 65
6 22
6 41
5 7
4 58
5 1
6 32
5 13
5 39
4 25
5 67
5 80
6 34
5 91
4 11
5 83
4 62
6 30
4 10
5 91
5 66
4 35
6 31
6 61
5 88
6 45
4 20
4 53
6 67
5 68
6 79
5 18
4 52
4 81
5 100
6 9
6 95
6 94
5 98
4 27
4 36
6 82
4 35
5 12
6 32
5 96
5 93
5 97
6 63
6 84
6 31
5 66
5 93
4 9
5 55
4 27
4 4
6 15
5 4
6 61
4 3
4 13
5 82
6 13
6 60
5 35
4 23
6 26
5 98
6 1
4 40
6 96
4 16
5 18
4 44
6 27
6 47
5 61
6 77
5 20
4 33
6 54
4 93
4 69
4 15
6 70
5 24
5 99
5 52
5 40
4 46
6 59
5 30
4 41
5 87
6 85
5 48
6 96
4 17
5 26
5 22
4 82
5 8
6 64
6 29
6 11
6 12
5 91
4 75
6 41
6 31
6 1
5 97
4 31
6 49
5 27
4 65
6 50
5 14
6 15
4 85
4 32
6 33
6 27
4 69
5 1
4 88
6 3
5 99
5 74
6 51
4 0
6 46
6 43
4 42
5 84
4 55
6 83
4 75
5 98
6 15
4 67
5 5
6 63
4 24
5 68
4 80
4 82
6 52
4 15
4 92
6 15
5 8
6 11
5 50
6 37
6 81
6 8
6 42
5 28
5 14
5 48
6 94
6 67
4 57
6 99
4 85
4 93
4 52
5 95
4 70
4 51
4 75
4 36
5 35
4 71
5 59
5 91
4 65
6 58
6 2
4 61
4 61
5 15
6 9
6 32
6 58
6 85
4 31
6 23
6 33
5 64
5 74
4 82
5 76
5 9
5 87
6 6
4 39
4 56
4 66
6 76
5 14
6 81
6 20
4 83
5 28
4 63
4 90
4 12
4 33
4 78
6 16
5 34
4 4
4 66
4 94
4 86
4 64
6 1
6 1
6 92
4 50
6 89
6 97
6 60
4 88
4 75
4 62
4 44
6 50
5 99
6 34
6 71
4 12
6 59
6 53
6 55
4 64
5 46
6 27
6 38
4 52
6 80
5 22
6 7
6 54
6 36
5 97
6 42
4 61
5 59
6 11
4 97
6 95
5 47
4 20
5 78
6 76
5 33
5 66
4 73
5 60
5 82
5 15
4 22
4 87
6 10
6 75
5 54
4 12
6 14
6 59
6 47
5 94
5 49
5 95
5 48
4 92
5 99
4 94
4 44
6 97
5 98
4 80
4 90
5 99
4 59
4 84
5 43
4 74
4 76
5 3
6 53
6 29
4 95
4 79
6 39
6 5
5 39
5 90
5 18
4 67
5 73
6 74
4 49
4 91
5 54
4 7
5 85
6 97
4 79
6 58
6 55
4 57
5 92
5 33
6 54
5 18
5 61
4 10
6 3
4 85
5 0
5 40
4 31
5 49
5 83
6 59
6 89
4 15
4 2
6 30
5 91
6 3
5 20
5 53
6 61
6 88
4 39
4 29
6 64
6 14
4 13
6 30
6 64
5 14
5 66
4 46
6 52
6 65
4 90
5 75
5 42
4 32
5 42
6 51
4 21
5 85
6 1
4 24
5 55
6 90
4 69
6 24
4 88
6 33
5 69
4 48
6 41
4 29
4 44
5 39
6 10
5 17
4 91
5 69
4 95
6 24
6 79
4 22
5 15
4 65
4 63
5 80
5 98
5 36
5 96
6 6
4 94
6 22
4 42
6 18
6 25
5 8
4 88
5 21
4 27
5 44
4 29
6 29
5 14
6 58
6 85
6 28
5 8
5 41
6 79
5 39
6 32
5 89
5 32
4 10
6 90
4 78
4 39
6 12
5 66
5 84
5 27
6 46
5 43
4 38
5 36
6 69
4 82
6 93
4 61
5 75
6 33
5 46
6 64
5 65
6 55
4 51
5 97
4 23
6 50
4 55
6 34
4 34
5 40
5 93
6 23
4 38
4 71
5 37
6 66
4 88
5 76
5 49
6 1
5 85
5 50
5 60
6 18
6 76
6 59
4 17
5 24
6 40
6 100
6 54
6 62
6 23
4 96
5 76
5 3
5 74
4 16
4 5
4 39
6 22
4 76
6 58
5 53
4 60
6 98
6 11
6 55
4 87
4 52
6 39
5 67
5 94
5 23
5 44
6 13
4 65
6 16
4 78
4 60
5 70
6 88
5 34
5 28
6 78
5 13
5 33
5 60
4 78
5 93
4 51
6 71
5 29
5 18
4 82
6 24
6 47
5 83
5 3
6 31
6 68
4 64
5 21
6 21
5 98
5 92
6 69
4 17
6 39
5 71
4 99
6 34
4 49
4 62
4 73
5 72
6 13
4 6
4 99
6 60
4 92
4 59
4 10
5 70
4 11
5 52
4 38
4 94
4 90
5 24
5 37
4 93
6 32
4 54
6 41
6 96
5 77
6 16
4 89
4 37
5 41
5 87
5 30
5 45
6 37
4 12
5 4
4 94
5 48
5 90
6 43
6 97
6 32
4 27
5 49
4 83
6 27
4 33
5 19
6 67
6 70
4 83
6 69
4 22
6 24
6 46
4 0
6 39
4 22
6 69
4 70
4 88
6 80
5 32
5 57
5 48
5 6
5 44
4 94
6 30
5 35
6 27
5 7
5 87
6 97
6 79
5 55
5 84
6 88
5 43
4 17
6 78
6 61
6 10
6 39
4 65
4 48
6 81
6 3
6 45
5 79
6 10
5 86
6 90
6 41
5 68
6 83
6 41
4 64
5 14
5 24
5 13
5 35
6 19
5 63
4 59
4 73
6 39
5 68
4 2
6 65
6 67
4 98
6 5
4 59
4 24
4 72
6 10
4 20
5 13
5 93
5 96
5 53
4 86
5 47
5 43
5 34
5 88
4 97
4 0
5 81
6 31
4 6
6 53
5 22
4 81
4 68
4 35
6 25
6 96
6 39
4 88
5 73
6 89
6 33
5 89
6 18
5 91
5 40
5 66
4 11
5 71
5 85
6 20
5 78
4 57
5 89
5 92
6 19
5 95
6 15
4 82
5 14
4 40
5 79
5 5
4 59
4 19
5 50
6 46
4 63
5 66
6 64
6 76
4 32
6 30
5 47
5 70
4 93
4 54
6 53
5 73
5 21
4 97
6 96
5 56
6 77
4 14
4 27
5 97
6 80
4 45
5 35
5 68
4 66
4 41
5 28
4 19
4 71
5 41
4 48
4 88
5 69
6 3
4 38
4 19
6 98
6 51
5 50
6 83
5 48
5 11
5 31
4 92
5 69
4 48
4 19
4 89
6 86
5 71
4 92
5 60
5 45
5 68
5 45
5 0
5 7
5 1
2207 8000 4805802
4 20
6 25
5 86
6 17
6 37
6 61
5 93
6 68
4 6
5 16
5 87
6 60
4 90
5 88
6 36
5 41
6 97
4 99
5 27
6 2
6 2
4 73
4 18
5 37
4 68
4 66
5 69
5 17
6 24
5 63
4 42
4 68
5 0
4 80
5 77
5 79
5 64
4 51
4 75
4 87
4 81
5 45
6 14
4 59
4 50
5 66
6 56
4 49
4 23
5 36
5 5
5 22
6 5
4 17
4 4
6 6
5 35
4 65
5 26
4 98
4 32
4 65
6 45
4 64
4 19
6 17
5 79
5 55
5 79
4 79
6 83
6 17
5 40
5 6
6 72
6 67
4 29
5 42
6 33
4 33
5 89
4 9
6 57
4 92
4 17
4 30
5 95
5 22
6 81
5 78
4 44
4 4
6 73
5 41
4 63
4 47
4 74
6 92
6 37
6 15
5 37
5 14
6 94
4 7
6 34
6 51
6 40
4 19
4 100
4 31
6 97
6 16
6 7
4 5
6 39
5 7
4 47
6 51
6 91
4 40
6 66
4 4
4 10
6 47
6 84
5 47
4 17
5 88
5 4
4 98
4 19
4 67
5 77
6 81
4 62
5 75
5 60
4 23
4 11
4 78
6 14
5 8
4 7
6 56
5 75
6 84
6 6
6 18
5 98
4 45
6 14
4 89
6 71
4 44
4 31
4 80
6 81
6 43
4 29
5 48
4 91
6 28
4 68
5 59
5 18
4 6
4 29
5 0
5 68
6 22
4 3
5 44
5 86
6 3
4 51
4 25
4 14
6 87
5 68
4 53
5 45
5 95
5 18
6 95
6 43
6 59
5 28
5 49
6 69
4 100
4 57
4 39
5 64
4 8
5 67
6 15
5 28
5 38
5 81
4 85
6 1
5 82
6 66
5 14
4 68
5 9
6 26
5 9
5 64
6 87
6 4
5 48
5 96
5 58
5 51
5 10
5 75
6 37
5 40
4 70
4 33
5 75
5 40
5 63
6 85
6 7
6 83
4 29
6 3
4 67
5 37
6 10
5 95
5 71
4 30
6 47
5 29
4 78
6 98
4 81
6 8
4 83
5 94
6 15
4 27
5 95
6 8
6 67
4 25
4 46
5 73
5 98
4 59
5 40
5 35
6 24
5 79
4 67
5 90
5 92
5 19
5 56
5 89
4 79
5 64
4 58
6 97
6 22
6 60
5 44
5 23
6 28
4 17
6 33
5 32
5 25
4 5
5 93
5 40
6 8
5 50
6 52
4 12
4 41
5 65
5 70
5 75
4 50
5 77
5 30
6 68
6 30
6 72
5 77
5 71
5 14
6 88
4 59
5 97
4 3
4 39
5 39
4 46
4 71
4 82
5 9
4 79
6 19
5 42
4 39
4 47
4 16
5 56
5 94
6 83
5 7
5 95
5 41
6 19
5 84
6 52
4 87
6 78
5 15
4 63
4 55
5 32
5 100
4 35
6 65
5 99
5 91
6 89
6 84
4 40
6 69
5 81
6 0
4 30
6 56
6 44
6 9
5 74
5 1
4 87
6 78
6 3
6 47
4 2
4 16
6 5
5 46
5 23
5 8
6 54
4 66
6 14
5 55
5 23
6 50
5 6
6 62
5 24
6 47
6 50
6 92
4 96
5 8
4 40
4 22
4 29
4 94
5 79
5 91
6 88
5 10
6 28
4 26
6 18
6 82
5 90
6 45
4 20
6 24
5 47
4 10
4 18
5 20
4 1
4 33
5 51
5 6
6 5
5 55
4 28
5 51
5 81
5 15
5 81
4 59
4 23
4 72
6 25
4 54
4 38
4 23
5 73
6 3
5 72
5 87
6 28
4 21
6 14
5 85
5 24
5 16
5 98
4 54
6 97
5 86
5 52
4 11
4 45
4 3
4 30
4 41
4 48
6 59
6 18
5 28
6 76
6 2
4 31
6 40
4 94
6 32
4 0
4 88
6 5
6 13
5 14
5 96
6 62
5 1
5 93
6 100
4 100
6 31
5 59
4 3
4 84
4 72
4 86
6 28
6 32
4 51
5 63
6 59
5 39
5 82
6 87
4 88
6 55
5 60
6 6
4 91
6 87
5 83
5 98
6 73
6 68
4 4
6 48
5 1
5 27
4 22
6 99
5 23
5 23
6 64
6 37
4 33
4 48
4 25
5 71
6 30
6 69
4 40
5 100
4 94
4 51
6 20
4 54
4 68
6 10
4 77
5 87
5 40
5 61
4 65
4 25
4 78
6 98
6 1
4 25
5 28
5 77
5 61
6 100
4 60
4 30
4 67
6 8
5 17
6 22
4 54
6 57
5 68
4 36
4 73
6 43
4 12
4 100
5 83
5 90
4 47
4 28
5 35
6 86
4 76
5 30
6 65
6 21
6 36
6 84
4 94
6 54
4 29
6 26
5 96
4 0
5 25
6 46
5 51
6 94
5 97
5 58
4 47
6 28
5 41
5 79
5 43
5 65
6 38
4 84
6 78
6 93
6 75
5 16
6 97
5 71
6 4
6 77
5 65
5 24
4 96
6 32
6 48
4 14
6 43
6 100
5 54
6 20
6 24
6 18
4 16
5 79
6 13
6 17
5 9
6 9
5 5
4 74
5 19
6 53
4 96
4 22
4 85
4 66
5 41
4 64
5 33
6 12
5 17
5 75
4 81
6 5
5 67
4 93
4 70
6 53
6 68
5 66
6 34
6 72
6 86
5 93
6 34
6 37
5 52
6 81
4 43
4 64
6 23
6 93
5 55
5 99
6 81
4 26
6 84
4 50
6 74
4 32
6 86
6 36
6 47
4 31
5 97
4 68
5 35
4 58
5 49
6 17
4 90
5 97
4 54
5 95
5 78
5 26
4 89
5 66
4 46
6 52
5 7
4 7
6 44
5 82
4 5
6 9
6 78
5 44
6 36
5 51
4 37
4 90
5 42
5 66
5 86
4 49
5 100
5 98
5 88
4 18
6 18
4 73
6 38
6 37
4 32
4 100
4 49
6 25
4 6
5 20
5 91
5 90
4 92
5 70
5 41
4 59
5 31
5 7
5 97
6 78
5 23
4 72
6 13
4 2
5 77
6 83
6 5
4 7
6 16
5 89
5 81
4 90
4 93
4 82
5 36
5 18
6 31
4 58
5 14
6 67
5 34
6 18
5 98
6 20
5 38
6 94
6 70
6 17
5 51
5 36
6 98
5 74
4 98
4 63
5 96
5 94
4 98
5 51
5 14
6 22
5 65
6 51
4 92
5 29
6 40
4 22
6 25
6 68
4 87
4 5
6 72
5 64
4 64
5 37
5 66
6 57
6 72
4 86
6 15
5 48
5 20
5 80
5 76
5 89
5 66
6 82
6 56
4 59
6 22
5 81
5 33
4 13
5 60
4 72
5 57
6 36
5 86
5 16
4 15
5 79
6 77
6 77
6 89
6 78
5 92
5 61
4 58
5 76
6 47
6 26
6 62
6 22
4 30
4 73
5 35
5 2
4 14
5 20
5 79
5 44
5 62
5 20
5 52
5 48
4 91
5 78
6 89
6 64
4 55
6 45
4 1
6 59
6 32
4 66
4 39
5 64
5 27
5 43
5 85
5 98
6 58
6 12
5 61
5 18
4 92
4 28
6 27
4 64
4 62
5 86
4 26
5 9
4 63
4 6
4 34
5 77
4 32
5 87
4 54
6 32
5 47
6 0
4 75
5 78
6 2
4 4
5 11
5 60
5 56
4 3
6 0
5 1
5 33
4 99
4 81
4 38
5 59
6 57
5 65
5 20
4 96
6 78
6 62
5 43
6 14
5 23
5 61
6 64
5 95
5 94
5 73
4 49
6 15
4 55
5 1
6 67
6 26
4 68
4 8
6 52
6 70
5 50
5 37
6 89
4 80
6 20
5 15
5 66
4 79
4 0
6 87
6 93
5 11
5 79
6 40
6 54
4 89
6 37
5 81
6 19
4 35
4 33
5 83
5 98
4 95
6 57
5 10
5 20
4 75
5 39
4 57
4 46
4 99
6 53
5 36
4 81
4 63
6 87
6 5
5 2
6 88
4 12
5 70
6 13
6 65
4 23
4 58
5 13
5 29
4 49
4 50
4 57
6 47
5 32
5 22
5 39
4 53
6 91
6 36
6 6
4 6
6 97
6 92
4 70
6 70
4 87
4 62
4 46
5 30
5 35
5 82
4 2
6 37
6 48
5 77
5 63
6 81
4 79
6 94
5 58
5 91
4 9
4 24
4 83
5 78
6 96
5 95
6 68
4 60
4 17
5 35
5 30
4 97
4 67
4 46
5 88
4 53
6 69
5 46
4 69
5 37
5 37
5 4
5 94
4 77
6 26
4 92
4 3
6 77
6 15
6 38
6 81
5 15
6 5
6 88
5 73
6 86
4 25
5 48
5 72
4 79
5 81
5 94
5 62
5 42
6 82
4 72
6 95
5 22
5 12
5 75
4 71
6 78
6 9
5 34
6 60
4 5
4 79
6 2
6 87
5 30
6 76
6 18
6 48
6 9
6 6
6 36
6 0
4 1
5 25
5 89
4 17
6 81
6 29
6 49
6 89
6 37
5 85
6 93
5 86
5 90
5 28
4 16
5 66
4 75
6 97
5 8
5 95
4 25
6 64
6 15
5 0
6 32
4 39
5 75
6 98
5 14
4 41
6 90
6 77
6 89
4 48
5 89
5 16
5 64
5 80
5 35
6 58
6 48
4 63
6 29
5 10
6 83
4 34
5 76
5 91
6 19
5 15
5 75
4 18
4 57
6 46
4 15
6 40
6 22
6 36
4 77
4 92
4 75
6 100
5 74
6 60
6 90
6 100
4 52
5 43
6 56
5 40
5 48
6 10
6 62
4 70
4 34
6 63
6 84
6 86
5 38
6 16
4 80
5 85
6 14
4 79
4 48
5 0
6 1
5 33
5 80
6 98
5 38
6 52
5 43
5 31
5 68
6 87
4 38
6 5
4 1
4 83
6 19
6 65
5 79
6 9
4 29
4 95
5 96
6 60
6 54
6 73
4 97
5 87
5 12
5 12
5 84
6 75
5 27
5 66
5 43
6 61
6 29
6 39
6 97
6 21
6 86
4 54
6 51
5 28
5 83
6 67
5 35
6 58
5 82
6 13
6 31
5 70
6 76
5 46
5 99
4 48
5 16
6 53
6 50
6 17
5 59
4 23
6 64
6 81
6 88
6 77
5 24
5 94
4 69
4 7
4 74
5 63
5 23
4 90
5 7
5 19
6 97
5 75
4 46
6 46
5 97
5 87
5 57
4 72
6 66
5 85
4 74
5 45
5 86
6 39
6 77
4 35
5 40
5 64
6 74
5 33
6 17
5 82
6 55
6 91
4 6
6 1
5 18
6 74
5 73
5 17
5 1
5 64
4 65
4 32
5 45
4 15
4 58
6 27
4 41
4 37
6 35
4 74
5 11
6 17
5 9
4 77
4 20
4 60
6 12
4 35
4 67
5 15
4 23
4 14
5 20
4 25
6 1
6 38
6 86
4 11
4 59
5 43
5 0
5 26
5 100
6 81
6 20
6 96
6 48
6 95
6 31
4 15
4 76
5 15
5 39
5 36
5 21
5 70
4 43
4 57
6 55
6 20
4 19
4 8
5 7
6 95
6 100
5 8
5 24
4 64
6 38
6 44
6 15
5 83
4 69
5 81
4 4
5 40
6 87
4 31
6 11
4 34
5 29
5 98
4 47
6 57
5 70
4 64
6 40
6 75
4 91
5 97
4 95
6 95
6 19
6 27
4 48
4 96
5 22
4 89
6 86
5 57
4 35
4 1
6 80
4 40
6 56
4 41
4 82
6 79
5 83
4 83
6 89
4 26
6 12
6 4
4 44
4 66
5 13
5 11
6 1
5 68
5 0
6 57
4 90
4 23
4 2
6 2
4 50
4 70
5 59
5 18
6 55
4 100
5 42
5 3
6 96
4 60
5 3
4 93
5 32
4 32
4 55
6 9
6 64
4 3
5 81
6 10
6 48
6 2
6 60
5 98
6 71
5 23
5 66
5 70
5 3
4 89
5 50
6 85
5 5
5 65
5 61
4 44
5 39
4 84
5 41
5 46
4 7
4 73
4 58
6 23
5 37
5 45
4 51
5 58
4 90
6 75
5 97
5 58
4 30
6 85
5 3
5 17
5 32
5 55
6 11
4 0
5 14
4 74
5 44
6 82
4 36
5 78
4 45
6 15
5 39
6 87
6 35
5 45
6 79
6 83
6 0
5 89
4 22
6 28
5 9
4 15
4 1
6 84
5 64
4 13
4 70
5 40
4 14
6 90
6 2
5 16
5 42
5 50
6 27
6 77
6 27
6 3
5 81
5 38
4 96
6 38
6 68
5 70
4 95
6 27
5 66
6 65
4 61
5 25
6 79
6 66
5 46
6 72
6 76
6 50
5 4
5 7
6 7
6 100
5 52
6 18
6 80
4 76
4 55
5 91
5 83
5 95
6 78
5 51
4 12
4 33
4 21
6 93
4 31
5 87
5 67
4 24
5 100
6 80
4 80
6 2
5 47
5 36
6 22
4 2
5 96
6 17
4 19
4 7
6 55
6 71
5 85
4 81
4 73
4 55
4 20
4 62
5 18
5 96
5 7
4 96
6 2
5 93
5 62
4 6
6 82
4 21
4 94
5 47
4 21
5 15
4 54
5 17
5 90
5 91
5 68
4 28
4 40
4 84
6 40
4 2
4 14
6 76
5 35
4 36
4 20
5 87
6 34
6 88
4 36
4 13
4 35
4 63
6 39
6 77
4 7
6 15
4 8
6 10
5 32
6 41
4 97
5 31
5 85
5 64
5 28
6 17
5 66
5 41
4 62
6 7
4 80
6 32
4 73
5 58
4 29
4 20
5 60
5 62
5 93
4 23
4 92
6 64
5 4
6 9
5 33
4 74
6 72
4 64
4 41
4 98
4 88
5 28
5 87
5 74
5 35
5 92
6 82
4 81
5 44
4 65
4 7
4 87
6 60
6 1
5 10
6 24
6 38
6 64
6 14
5 67
5 31
5 26
5 33
4 8
4 56
5 95
6 42
5 46
6 13
5 18
6 45
4 51
5 23
4 2
5 45
6 21
6 15
4 39
5 21
4 11
4 39
4 63
6 77
4 61
5 73
4 55
4 98
6 67
6 93
6 85
4 41
4 68
5 52
5 18
5 65
6 62
4 56
6 23
6 77
6 17
4 23
6 26
6 3
4 50
5 95
5 17
4 49
6 49
4 40
4 93
4 66
5 93
6 67
6 78
4 97
4 65
4 76
6 45
4 8
6 51
6 1
5 7
4 59
6 45
4 40
4 45
5 21
5 43
4 54
5 64
6 94
5 28
5 21
6 92
5 21
6 43
5 98
6 64
6 16
5 61
6 71
4 50
6 32
6 8
6 35
4 89
5 76
6 53
6 37
5 18
4 1
4 97
4 77
4 39
4 63
6 81
6 93
6 97
5 52
4 43
4 57
6 97
4 69
5 64
4 16
6 72
6 9
6 65
4 26
6 36
6 58
4 90
5 82
4 44
4 71
5 84
6 10
4 63
6 97
5 99
6 89
4 99
6 44
6 94
6 57
4 86
6 100
4 66
4 7
6 86
4 10
4 58
6 63
4 22
6 1
4 3
6 47
6 64
6 57
4 0
6 6
6 90
5 34
6 88
6 93
4 47
5 7
5 56
5 56
5 57
4 79
5 55
4 92
5 83
6 70
5 79
5 2
5 70
4 66
4 89
4 89
4 45
5 61
4 85
6 15
5 85
5 7
4 1
6 86
4 4
4 47
6 6
4 59
6 7
5 39
5 1
4 27
4 7
4 66
5 39
4 95
4 57
5 90
4 95
5 52
5 46
6 77
5 23
6 73
4 78
5 76
4 8
5 69
5 18
6 61
5 73
5 8
4 57
5 69
4 21
4 40
5 63
4 7
6 91
5 27
6 4
4 15
4 6
6 57
6 83
4 20
6 6
4 9
5 50
4 70
6 18
4 89
5 87
5 38
6 94
5 79
6 72
5 96
5 3
6 32
5 85
5 84
6 93
4 23
5 77
6 94
4 80
5 84
5 32
5 47
6 1
6 99
5 35
5 23
4 77
5 43
4 53
4 94
5 52
6 44
6 41
6 96
4 99
6 45
5 25
6 29
5 26
5 34
4 61
6 39
5 100
4 57
6 71
5 15
4 98
6 0
4 77
5 46
4 78
5 40
5 41
5 54
4 94
4 39
5 14
4 16
5 57
5 93
4 42
4 76
6 99
6 72
6 19
4 51
6 13
6 21
4 73
5 76
4 50
5 67
6 80
6 91
4 62
6 51
5 84
4 45
5 46
5 49
4 76
5 62
5 97
6 63
5 44
5 65
4 16
5 58
6 51
4 3
5 69
6 32
5 16
6 89
6 36
4 17
4 80
6 61
5 55
6 48
4 80
5 6
5 39
5 58
5 6
6 23
6 17
4 81
6 90
6 66
6 29
5 58
6 70
4 98
5 29
6 14
4 0
5 61
4 89
4 35
4 82
5 29
4 98
6 49
4 78
4 86
4 7
6 66
6 88
6 37
5 33
6 64
6 96
4 31
5 18
6 43
4 100
5 83
5 97
6 80
6 99
6 41
5 81
4 99
6 99
4 75
6 24
6 89
4 13
4 5
5 67
5 74
5 36
5 43
4 38
4 33
5 50
6 76
4 37
6 6
6 66
4 12
4 76
4 78
5 93
5 27
4 34
4 43
4 19
5 0
6 27
4 31
5 81
4 55
6 12
4 39
4 20
6 86
6 51
6 26
6 21
4 85
5 4
6 84
4 26
4 48
6 43
6 90
4 43
6 35
5 93
5 98
6 82
5 90
6 83
5 99
5 87
6 89
5 1
5 37
6 97
4 46
4 22
4 71
6 97
5 56
5 43
4 43
4 4
6 98
6 85
5 43
6 95
6 71
4 42
4 53
5 13
5 42
5 94
4 5
4 93
6 57
4 34
4 65
6 63
4 91
4 27
5 18
5 53
6 52
4 77
6 21
6 90
4 19
6 32
6 30
4 78
6 27
6 48
4 91
4 92
5 8
4 24
5 51
6 51
6 92
5 40
5 11
4 23
6 75
6 29
4 80
4 94
4 77
6 19
6 93
4 36
4 96
6 35
5 27
5 94
4 31
6 32
5 55
6 65
4 75
6 86
4 93
4 30
6 9
6 0
5 54
5 13
5 31
5 57
4 54
4 100
5 36
4 24
6 33
5 61
6 73
6 24
5 82
5 22
4 13
4 69
6 62
6 59
5 41
5 1
6 71
6 21
4 10
6 23
5 12
5 24
4 22
6 98
4 96
4 85
5 17
6 39
4 61
6 3
6 93
4 22
4 20
6 77
6 34
5 86
5 4
4 49
4 28
6 60
5 8
5 79
4 89
5 64
6 82
6 26
4 87
6 58
6 4
5 100
5 53
5 16
5 71
5 84
6 86
5 41
6 58
4 72
4 90
4 67
5 38
4 19
6 44
5 9
5 60
5 97
4 48
6 12
4 4
4 2
4 72
5 49
5 84
5 17
4 79
6 84
4 81
5 5
4 93
4 67
6 70
4 92
6 19
5 37
6 53
6 42
6 51
4 79
5 60
6 84
6 32
4 6
6 35
5 16
5 1
5 91
6 47
4 13
4 49
6 12
6 84
5 10
6 34
6 76
4 48
5 90
6 39
6 12
6 18
6 27
5 34
4 69
5 50
6 32
5 82
6 15
5 4
6 23
5 90
5 68
6 86
4 7
6 21
6 59
4 45
4 72
4 73
6 64
4 99
4 92
5 87
4 75
6 32
5 93
5 49
5 25
4 69
4 36
5 23
5 18
6 62
4 53
6 32
4 36
4 13
4 35
6 78
4 80
5 93
6 89
2989 8000 2909188
3 21
4 57
4 92
4 48
4 75
4 56
3 58
3 24
4 100
3 53
3 83
3 51
3 0
4 5
3 32
3 81
4 49
3 1
3 33
4 18
3 0
3 87
4 74
3 80
4 81
4 38
4 78
4 46
4 42
4 57
3 34
4 1
4 33
4 79
3 65
3 12
3 31
3 70
3 49
4 50
4 64
4 86
3 1
3 74
3 52
3 10
3 16
3 99
3 71
4 0
4 58
3 95
4 50
4 19
4 87
4 88
4 12
4 97
4 8
3 75
4 29
4 41
4 80
4 25
4 52
3 79
3 96
3 100
3 34
4 56
4 37
4 51
4 64
3 39
4 31
3 23
4 61
3 39
3 9
3 81
3 60
4 58
4 63
3 84
3 91
4 80
3 73
3 83
4 45
3 53
4 96
4 0
4 36
3 79
3 48
3 37
4 53
3 98
3 10
3 32
3 1
4 37
4 23
4 16
3 100
4 62
3 9
4 27
3 45
3 45
4 10
4 29
4 76
3 91
3 35
3 70
3 45
3 95
3 50
4 36
3 45
4 99
4 84
4 66
4 64
3 80
4 22
3 67
4 84
4 70
3 95
4 41
3 76
4 88
4 99
3 97
3 74
4 26
4 68
4 66
3 93
3 100
3 66
4 68
4 13
4 62
3 51
3 24
3 88
3 2
3 32
4 66
3 18
3 8
3 1
4 20
3 60
3 61
4 0
3 14
4 12
3 52
4 72
4 36
3 43
4 79
3 53
3 57
4 31
4 38
3 46
4 69
3 75
3 16
4 31
4 86
3 20
4 21
4 8
3 8
4 20
3 81
3 1
4 88
4 39
3 95
4 92
4 54
4 76
4 47
3 13
3 51
4 34
3 44
3 67
3 46
3 10
3 93
4 29
3 67
3 6
3 63
4 33
3 50
3 58
4 0
3 79
3 6
3 52
3 83
4 37
3 67
3 62
4 65
3 27
4 12
3 33
4 19
4 85
4 75
4 89
3 57
3 41
3 3
4 70
3 51
3 38
3 97
4 35
3 71
3 6
4 70
3 15
3 49
4 4
3 39
3 87
4 11
4 24
3 40
4 12
3 95
4 78
3 52
3 69
3 19
4 71
3 94
3 67
3 7
3 89
3 39
3 21
3 14
4 33
4 36
4 98
4 92
4 25
3 10
3 17
3 69
3 59
3 13
3 5
3 44
4 88
4 58
4 22
3 76
3 59
3 75
3 14
3 75
4 32
3 19
3 58
3 8
3 57
3 47
4 63
4 0
3 93
3 25
4 3
4 86
4 60
4 38
4 97
3 87
3 14
3 12
4 99
3 8
3 20
3 79
3 39
4 33
3 51
4 26
3 38
4 27
4 64
3 66
3 75
3 81
3 80
3 99
3 91
4 28
4 48
3 25
3 5
4 22
4 51
4 59
4 9
4 21
4 29
3 22
4 57
3 72
4 49
4 98
4 19
3 90
4 68
4 99
3 24
3 48
3 50
4 60
4 28
3 29
3 91
4 94
4 30
3 21
3 78
3 44
4 75
3 74
4 57
4 92
3 3
3 53
3 70
4 47
4 47
4 85
3 33
3 49
3 90
3 73
4 16
4 16
3 72
4 47
4 100
3 78
4 95
4 38
4 77
3 57
3 5
4 38
4 53
3 76
3 92
4 63
3 82
3 75
3 47
3 16
3 92
3 44
4 6
4 46
3 41
3 62
3 34
4 88
3 36
4 5
3 47
4 98
3 79
3 25
3 4
4 97
3 8
4 60
3 81
3 58
4 7
4 14
4 80
3 82
3 82
3 53
3 62
3 21
4 96
4 38
4 8
3 100
3 85
3 50
4 93
3 6
4 42
4 46
4 49
3 19
4 94
3 75
3 51
4 86
4 6
3 89
4 39
3 65
3 100
4 59
4 65
4 89
3 24
3 12
4 59
3 99
3 69
3 100
4 14
3 28
4 32
3 76
3 22
4 4
4 15
3 48
3 25
3 38
3 3
3 93
3 25
3 60
3 20
4 50
4 35
4 53
3 61
4 54
4 67
3 92
3 46
3 44
4 33
3 100
3 47
4 84
4 49
3 55
4 71
4 69
4 99
4 88
4 58
4 43
4 67
4 15
4 7
4 3
4 64
3 33
4 90
4 90
4 91
3 43
4 14
3 71
3 57
3 82
4 23
3 62
3 82
4 77
4 33
3 97
4 1
4 2
4 97
4 87
3 36
3 75
3 45
4 61
4 25
3 35
3 25
4 41
4 38
3 58
3 12
4 38
4 27
3 10
4 11
4 23
3 66
3 98
4 69
4 24
3 66
3 77
4 93
3 42
3 39
4 5
4 22
4 64
4 27
4 85
3 4
4 44
3 98
3 80
4 88
3 61
3 38
4 76
4 53
3 96
4 39
3 8
4 90
3 64
3 84
4 53
3 54
3 21
4 78
4 24
3 18
4 9
3 7
4 82
4 97
3 23
4 13
4 83
4 25
4 6
3 71
4 26
3 76
4 34
3 43
4 98
3 91
3 25
4 88
3 31
4 74
3 42
3 51
4 43
4 82
3 27
4 24
4 53
3 33
3 96
3 68
4 60
4 93
3 31
3 39
4 66
4 47
3 39
4 79
3 0
3 89
4 81
4 8
3 61
3 94
3 19
3 20
4 92
4 56
4 29
4 35
4 10
4 18
4 66
3 89
4 22
4 4
3 87
4 66
3 60
3 15
3 36
3 56
4 37
3 56
4 82
4 27
4 90
3 46
4 78
4 53
4 77
4 64
4 43
4 43
4 19
3 88
3 48
3 2
3 10
4 86
4 78
4 17
3 59
3 0
3 99
3 72
4 11
3 84
4 48
3 94
4 12
4 12
4 35
4 77
3 23
3 2
4 48
4 39
3 62
3 79
3 12
3 57
4 80
4 77
4 66
3 87
4 79
4 26
3 72
3 4
4 72
3 26
3 90
4 67
4 2
4 26
3 52
4 0
4 30
4 100
4 55
3 65
4 15
4 29
3 69
4 20
3 59
4 53
3 79
4 28
3 80
3 58
4 91
4 22
4 10
4 79
3 64
3 56
4 28
3 70
4 83
3 90
3 91
4 27
3 6
4 96
4 96
4 11
4 63
3 74
3 12
4 22
4 67
4 59
4 77
3 40
3 84
3 15
4 75
3 31
4 53
3 56
4 65
4 96
3 97
3 38
4 17
4 26
3 73
3 64
4 12
3 99
4 3
4 44
4 64
4 20
4 96
4 83
4 46
4 77
4 65
4 47
4 87
3 53
3 26
3 32
3 59
4 30
4 3
4 22
4 43
3 61
3 9
3 21
3 100
4 80
4 95
4 57
3 8
3 83
4 42
3 7
3 71
4 13
4 94
4 67
3 22
4 93
4 93
3 31
3 32
4 81
3 82
4 41
3 91
4 63
4 72
4 59
4 100
3 31
3 59
4 13
3 25
4 82
3 27
3 2
4 3
4 61
4 57
3 20
4 75
3 42
3 68
3 82
3 20
3 86
3 76
4 11
4 31
4 26
4 80
4 87
3 75
3 33
3 56
3 4
3 62
3 41
4 15
4 58
3 86
4 9
3 74
4 83
3 77
3 34
4 55
3 67
4 46
3 16
3 26
3 59
3 76
4 40
3 35
4 96
4 59
3 28
4 11
4 38
4 41
4 74
4 97
3 25
4 89
4 34
4 35
3 79
4 85
3 8
4 61
4 28
4 49
4 60
4 31
4 43
4 65
3 21
3 38
3 16
3 54
3 45
3 83
4 68
3 1
4 55
4 83
3 52
4 5
3 61
4 7
4 54
4 80
3 93
4 18
4 46
4 53
3 38
3 52
3 43
3 9
3 2
4 66
4 98
4 88
3 55
4 65
4 79
4 60
4 60
3 42
3 92
4 80
4 49
4 67
3 42
4 60
4 55
3 45
3 68
4 8
3 80
3 27
3 57
4 82
4 93
3 33
4 28
4 36
4 98
4 86
4 9
3 5
3 53
4 11
3 69
4 59
4 83
4 84
3 33
3 47
4 66
3 76
4 9
3 15
3 94
4 80
3 2
4 29
3 22
3 31
3 23
4 98
4 82
3 9
4 70
3 12
4 45
3 75
3 16
4 29
4 85
4 43
4 73
4 99
3 81
3 53
3 88
4 36
3 66
4 18
4 92
4 63
3 22
3 4
4 83
4 23
4 13
3 86
3 73
4 48
3 37
4 50
4 80
3 18
4 2
3 86
3 41
3 6
3 63
3 59
3 71
3 7
3 97
3 59
3 59
3 46
3 35
3 36
3 81
4 48
4 44
3 55
3 19
3 76
3 12
3 97
3 4
3 0
3 67
4 90
4 31
4 38
4 99
3 77
4 73
3 51
4 45
4 12
3 95
3 86
3 50
4 18
4 26
3 42
4 99
4 45
3 77
4 53
4 76
4 64
4 51
3 98
3 86
3 69
4 78
4 64
4 97
3 77
4 10
4 99
3 51
4 15
3 92
4 29
3 35
4 47
3 100
3 73
3 3
4 15
3 33
4 86
4 66
3 46
4 12
3 79
3 97
3 77
4 32
3 26
3 11
3 67
4 14
3 78
3 39
3 88
4 37
3 74
4 23
4 67
3 7
4 12
3 80
3 46
3 62
4 56
3 77
4 4
3 44
3 38
4 29
3 99
4 87
4 59
3 24
4 99
3 63
3 92
3 53
3 30
4 86
3 10
3 99
3 22
3 62
4 94
4 84
3 27
3 59
4 52
4 91
3 5
4 41
3 34
4 48
3 2
4 80
3 75
3 18
3 100
4 80
4 42
4 27
4 62
3 48
3 58
3 9
4 74
4 12
4 36
4 68
3 55
3 31
4 25
4 65
3 74
3 3
4 5
3 30
4 14
4 97
3 94
4 40
4 38
3 31
4 61
3 8
4 83
4 14
4 2
3 20
4 84
4 96
3 31
3 19
3 67
3 57
4 97
3 35
3 97
4 52
4 67
3 38
4 82
4 14
4 31
4 79
3 87
4 53
4 39
3 87
4 85
4 31
3 14
3 4
3 4
4 64
4 99
3 55
4 17
4 27
4 75
4 98
4 41
4 25
4 56
4 3
3 1
3 14
4 97
4 7
4 92
4 53
3 31
4 31
3 57
4 44
4 52
4 79
3 45
3 49
4 48
3 62
3 33
3 10
3 32
3 100
3 39
3 65
3 99
4 94
3 32
3 88
3 96
4 47
4 53
3 42
4 45
4 99
3 34
4 92
3 83
4 45
4 16
4 71
4 1
3 16
4 98
4 11
4 5
4 64
4 11
3 51
3 63
4 17
4 27
3 73
4 24
4 2
3 40
4 60
4 34
3 74
4 32
3 59
3 61
3 83
3 46
3 27
3 40
4 52
4 59
3 46
3 21
4 21
3 61
4 89
3 9
4 18
4 62
4 92
3 47
4 66
3 6
3 87
3 70
4 49
3 83
3 64
4 98
4 8
3 5
3 73
4 68
4 76
4 37
4 43
3 0
4 6
3 85
3 88
3 43
4 93
3 80
3 62
4 89
4 25
4 9
3 20
3 33
4 29
3 93
3 45
4 52
3 36
4 75
4 30
3 70
4 12
3 18
4 92
4 15
3 39
3 16
3 48
3 62
4 87
3 2
3 43
4 57
4 56
4 62
4 60
4 93
3 50
3 85
3 96
4 17
4 35
3 5
3 67
3 9
4 0
3 34
4 74
4 75
4 78
3 36
3 40
3 71
3 79
4 51
3 2
3 86
3 0
3 46
3 29
3 31
3 39
3 13
3 43
3 65
4 19
3 86
3 77
3 60
4 9
4 99
3 54
3 55
3 80
3 88
4 39
3 79
3 95
3 68
3 2
3 26
3 44
3 29
4 22
3 54
4 12
3 51
4 80
4 36
3 58
3 50
3 32
4 62
4 100
3 74
3 7
3 67
3 32
4 5
4 34
3 77
4 66
3 3
4 91
4 73
3 72
3 39
4 86
3 38
3 11
4 9
3 52
4 3
3 53
3 48
3 34
4 1
3 21
4 89
3 10
3 68
3 36
3 91
4 54
3 13
4 53
3 37
3 95
3 20
4 52
3 23
4 56
3 39
3 68
4 80
3 99
4 21
3 39
4 29
4 20
4 71
4 59
4 89
3 7
4 86
4 36
3 24
3 65
4 5
3 22
3 11
3 32
3 27
4 61
3 49
4 49
3 99
3 2
3 84
3 98
3 5
3 66
4 38
3 24
4 83
3 64
4 43
3 90
4 13
4 28
4 49
3 36
4 44
4 63
3 79
4 84
3 12
3 8
4 56
4 3
4 28
3 73
3 28
4 81
4 29
3 13
3 31
3 5
3 12
4 26
3 23
3 55
4 99
4 3
4 15
3 90
4 81
3 28
3 41
3 2
4 48
3 8
3 75
3 86
4 20
4 7
4 16
3 19
3 14
3 53
3 26
3 91
3 16
4 60
3 23
3 11
3 11
3 39
3 37
3 15
4 34
3 68
3 29
3 99
3 25
4 1
3 6
3 8
4 76
4 7
3 33
3 40
4 14
4 31
3 69
4 85
3 27
3 37
4 30
4 75
3 18
3 86
3 22
4 48
4 21
4 5
4 18
4 81
3 80
3 39
4 49
3 64
4 96
4 25
3 35
4 98
4 59
4 90
3 92
3 29
3 67
3 31
3 32
4 32
3 13
4 37
4 36
4 23
3 66
4 13
4 51
3 65
4 33
4 5
3 75
3 24
3 55
3 11
4 34
3 93
4 32
4 68
3 33
4 18
4 99
4 73
4 12
3 43
3 80
3 100
3 68
3 75
4 20
3 100
3 62
4 23
3 97
4 73
3 76
3 9
3 65
4 88
4 58
4 81
4 100
4 50
3 76
3 66
3 82
3 28
3 33
3 98
3 72
3 4
3 100
4 33
4 89
3 74
4 19
4 81
3 15
4 44
4 35
4 1
4 3
4 91
4 5
4 60
4 23
3 22
4 63
4 46
4 84
3 77
4 96
4 60
4 34
4 48
3 1
4 40
3 66
4 51
4 28
4 68
4 15
3 54
4 78
3 37
4 70
3 98
4 93
4 53
4 48
3 75
4 61
3 20
4 32
4 0
4 16
3 34
3 54
3 81
3 74
3 59
3 85
3 98
4 1
3 20
3 1
3 96
3 66
3 7
4 76
4 2
4 63
4 54
3 23
4 56
4 98
3 72
4 90
4 99
3 75
4 46
3 65
3 54
3 22
3 7
3 30
4 98
3 56
3 33
3 3
4 23
4 58
4 64
3 69
3 28
3 76
3 68
3 99
3 57
3 12
4 73
4 3
3 78
4 86
4 64
3 13
3 86
4 80
3 62
3 12
4 95
4 17
4 100
3 45
4 15
3 36
4 30
3 52
4 55
4 14
3 3
4 30
3 96
4 61
3 25
3 85
3 35
3 98
3 56
3 94
4 21
4 56
3 63
3 6
3 97
3 72
3 53
3 44
3 76
4 74
4 95
4 95
3 59
3 62
4 82
4 36
4 36
4 57
4 88
3 34
4 91
3 76
3 62
3 6
4 33
3 7
4 43
3 27
3 5
3 19
3 48
4 71
4 80
3 7
3 14
3 98
3 20
3 95
4 89
3 58
3 20
4 20
4 92
3 6
3 13
3 19
4 41
3 33
4 25
4 0
3 24
4 74
3 60
4 41
4 53
3 86
3 23
3 24
3 41
4 22
4 98
3 24
4 31
4 74
4 35
3 42
3 62
4 10
4 30
3 81
4 23
4 17
3 89
4 96
4 30
4 55
4 10
3 53
4 93
3 61
4 52
4 30
3 34
3 99
3 13
4 22
4 15
4 84
4 95
4 3
3 11
3 7
3 77
4 56
3 26
3 66
4 90
4 2
4 18
4 76
3 84
4 72
3 63
3 19
4 52
3 75
3 10
4 55
4 72
3 29
3 17
4 2
4 27
4 35
3 8
3 96
4 82
3 54
4 27
4 68
3 18
3 15
3 38
3 75
4 2
3 89
4 15
3 66
3 77
3 7
4 51
4 3
4 29
3 54
3 12
4 66
3 99
3 43
4 98
3 79
3 4
3 55
4 41
3 57
4 59
4 71
3 49
3 53
4 24
3 98
3 89
3 16
4 44
3 4
4 83
4 34
3 2
3 77
4 54
4 10
3 23
4 10
4 57
3 99
3 46
3 65
4 52
3 78
4 83
3 76
4 33
3 64
3 11
3 19
3 82
4 68
3 13
3 66
3 93
3 89
3 68
3 62
4 7
4 84
4 17
3 46
4 70
4 46
3 27
3 61
4 9
4 43
3 25
3 15
3 12
4 22
3 70
4 9
4 93
3 80
4 90
3 95
4 76
4 37
4 12
4 56
4 41
3 44
3 56
4 70
4 16
4 53
4 60
4 55
4 19
4 43
4 84
3 10
3 71
3 31
4 31
4 53
4 80
3 71
3 8
3 48
4 40
3 79
3 28
4 3
4 64
3 2
4 95
3 40
3 22
4 71
3 7
3 10
4 13
3 67
3 52
4 98
4 62
4 83
4 87
3 54
4 67
4 1
3 81
3 84
4 79
4 11
4 79
3 49
4 74
4 73
4 27
4 98
4 30
3 27
3 44
3 31
4 91
4 81
4 58
3 65
3 1
3 14
4 25
4 100
4 93
3 54
3 61
4 87
4 75
4 42
4 46
3 21
4 65
3 99
4 36
3 96
3 5
4 53
3 31
4 46
3 91
4 95
3 96
4 17
4 97
3 55
3 63
4 49
3 37
4 20
3 91
4 81
4 74
3 82
4 72
4 79
3 64
4 53
4 65
3 54
4 96
4 4
3 9
4 92
3 76
4 94
3 10
4 69
3 39
4 74
3 67
4 35
4 89
3 43
3 58
3 26
4 2
3 35
4 79
3 40
3 2
4 67
3 86
3 26
3 23
3 25
4 87
4 42
3 67
3 71
3 92
4 61
4 62
3 7
3 64
4 72
3 11
3 76
3 48
4 94
4 29
3 11
3 57
4 62
3 29
4 10
3 78
3 0
4 6
3 62
4 6
4 11
4 32
3 8
4 67
4 93
4 67
3 15
4 44
4 73
4 12
4 89
4 82
4 81
3 96
3 51
3 53
4 49
4 67
4 43
3 79
3 48
4 81
3 0
3 47
4 26
4 20
3 94
4 39
3 29
4 100
3 71
3 43
3 39
3 12
3 83
4 62
3 31
4 17
4 88
4 92
4 82
3 35
4 3
4 18
4 25
4 10
3 80
4 95
4 10
4 9
4 12
3 35
4 97
3 13
4 4
4 35
3 78
4 78
3 18
4 4
3 80
4 19
4 1
3 63
3 91
4 33
3 0
4 1
3 67
4 53
4 6
3 12
4 69
3 47
4 84
3 34
4 37
4 100
4 56
4 65
4 79
3 22
3 89
4 66
4 100
4 74
4 29
3 30
4 17
3 33
3 60
3 1
3 57
3 74
4 62
4 31
3 76
4 21
4 80
4 85
3 12
4 14
4 30
3 46
3 10
4 16
4 50
3 67
3 57
4 35
4 93
4 81
3 95
4 1
3 66
3 98
3 61
3 52
3 28
4 33
4 2
4 28
3 70
4 37
3 62
4 64
4 86
3 61
4 78
3 87
4 58
4 55
4 20
4 50
3 35
3 90
4 88
4 91
4 5
4 34
3 43
4 19
3 40
3 82
3 73
4 64
4 25
4 65
4 48
3 77
4 45
3 6
4 20
3 100
3 91
4 43
4 58
4 11
3 86
4 100
4 11
3 45
3 32
4 75
4 51
4 48
4 22
3 21
3 22
3 36
4 0
3 33
4 33
3 29
4 67
3 76
4 43
3 35
4 100
4 84
3 95
4 83
3 88
4 60
4 58
3 18
3 15
4 26
4 93
3 49
4 61
4 32
3 88
3 13
3 78
3 79
4 19
4 62
3 63
4 53
3 79
4 47
3 73
4 63
4 18
4 100
4 25
4 88
3 26
3 8
4 22
3 59
3 72
4 61
4 47
3 12
4 15
4 90
3 30
4 77
4 87
4 49
3 52
3 13
3 52
3 34
3 84
4 0
4 84
4 50
4 72
4 53
3 24
4 75
3 4
3 12
3 36
3 69
4 84
4 44
4 76
4 18
4 7
3 61
3 4
4 16
3 86
3 4
3 38
4 46
3 14
3 5
3 86
3 12
4 13
3 35
3 64
3 83
3 31
4 36
4 46
4 76
3 59
4 61
3 100
3 34
3 99
4 86
4 65
3 38
4 38
3 87
3 86
3 21
3 19
4 83
3 39
4 83
4 35
4 45
4 46
3 21
3 17
4 76
4 24
4 22
4 45
3 51
3 5
3 3
4 23
3 30
4 74
4 41
3 53
3 55
3 99
3 85
3 86
3 22
3 46
4 37
3 68
3 46
3 25
3 59
4 18
3 24
3 51
4 25
3 98
3 13
4 9
4 83
3 6
4 56
3 14
3 82
3 90
3 76
4 15
3 40
4 93
3 73
3 39
3 59
3 51
3 73
4 17
4 75
3 74
4 48
4 52
3 54
4 43
3 37
3 74
3 70
3 25
4 38
3 80
4 9
3 100
4 26
4 84
3 46
3 54
4 11
3 19
4 83
4 18
4 17
4 95
4 53
3 38
4 50
3 9
3 31
3 48
3 39
4 38
4 51
3 57
4 61
3 59
3 94
4 87
4 12
3 92
4 41
4 72
3 73
3 74
4 76
3 36
4 75
4 71
3 81
3 14
3 97
4 58
3 3
3 88
4 76
4 16
4 57
4 46
3 2
3 72
4 34
3 36
3 38
3 87
3 33
4 70
3 18
4 92
3 18
4 81
4 70
3 55
4 67
3 80
3 70
3 88
3 70
4 33
4 41
4 89
4 44
3 13
4 48
3 21
4 4
3 2
4 67
3 84
3 68
3 53
4 35
3 34
3 100
4 17
3 42
3 82
3 25
4 24
4 44
3 16
3 47
3 23
4 94
3 64
4 26
4 12
4 43
3 24
4 83
3 49
3 31
4 90
3 92
4 9
3 2
3 69
4 46
4 41
4 55
3 52
4 46
3 62
4 15
3 9
4 45
4 85
4 81
3 11
3 87
3 46
3 26
4 68
4 5
4 2
4 95
3 4
3 90
4 54
4 64
4 97
3 54
3 85
4 70
4 61
4 64
3 69
3 57
4 33
4 96
3 97
3 41
3 100
3 85
4 57
3 18
4 81
4 43
4 3
4 44
3 25
4 65
3 98
3 61
4 3
4 69
4 15
3 29
3 69
3 53
4 84
4 64
3 21
4 10
3 71
3 41
4 10
4 65
3 63
4 49
4 94
4 0
3 57
3 48
4 74
4 26
3 67
4 50
3 26
3 74
4 14
3 18
3 64
3 96
3 28
4 82
4 40
4 26
3 91
4 8
3 55
4 17
4 89
3 20
4 61
3 54
4 57
3 97
3 27
4 87
4 35
4 71
4 4
3 49
3 28
4 75
4 29
3 1
4 37
4 97
3 99
3 89
3 72
4 89
3 92
3 99
4 100
3 38
4 60
4 72
3 84
4 9
3 46
3 77
3 15
4 4
4 99
3 39
4 39
3 49
4 46
4 59
4 60
4 73
4 25
3 97
3 4
3 62
4 38
3 70
3 47
4 6
4 65
4 23
3 16
3 31
4 17
4 59
4 68
3 88
4 48
4 100
4 73
3 8
3 11
4 0
4 66
4 19
4 75
4 30
3 80
3 89
3 25
3 29
4 15
3 91
3 31
3 38
3 77
4 34
3 53
3 94
3 38
3 79
3 93
3 84
3 44
4 35
4 76
4 37
4 71
4 76
4 41
3 74
3 97
3 29
3 75
4 27
4 12
4 92
3 96
4 16
3 89
4 75
4 47
3 60
4 19
3 13
4 7
4 19
3 38
3 21
3 76
4 97
3 1
4 79
3 7
4 16
4 34
3 26
3 1
4 94
4 94
4 70
4 46
4 59
3 91
4 3
3 42
3 79
4 53
3 84
4 98
4 77
3 73
3 29
3 32
4 32
4 84
3 95
3 32
4 84
3 65
4 69
3 56
4 13
4 19
4 45
3 75
3 4
4 16
3 48
4 56
3 29
4 44
4 38
4 24
3 83
3 71
3 45
3 27
4 4
3 33
4 92
3 30
4 67
3 20
3 55
3 87
3 7
3 51
3 76
4 63
4 11
3 51
3 86
4 82
3 97
3 70
4 17
4 67
4 83
4 57
4 54
4 48
3 55
3 3
4 4
4 11
3 49
3 31
3 51
3 59
3 87
4 77
4 9
3 26
4 55
4 64
3 16
3 78
3 33
3 87
3 38
4 93
3 13
4 7
4 94
3 82
4 30
4 75
3 100
3 2
3 6
4 94
4 9
3 42
4 11
3 66
3 51
3 3
4 56
4 70
3 30
3 68
4 16
4 76
4 53
3 35
3 91
4 51
4 42
4 14
3 41
4 91
4 69
3 22
3 49
3 19
3 93
3 56
3 70
4 7
3 28
3 37
3 44
3 55
3 87
3 46
4 94
4 28
4 57
4 85
4 12
3 2
3 72
4 13
3 41
4 20
3 94
4 26
4 47
4 82
3 70
4 70
4 14
4 85
3 14
4 27
4 91
4 63
3 45
3 53
3 99
3 7
4 81
3 68
3 92
3 34
3 88
3 90
3 65
3 80
3 8
3 24
4 15
3 97
4 36
3 31
4 83
4 87
4 47
4 40
4 17
4 26
3 22
4 62
4 80
3 30
4 65
3 25
4 50
3 3
3 26
3 13
4 36
3 51
4 18
4 36
4 68
3 19
4 55
4 74
3 45
4 71
4 99
3 87
4 84
4 24
4 1
4 20
4 42
3 3
3 91
4 52
3 100
3 43
4 87
3 62
4 67
3 24
3 37
4 99
4 20
4 30
4 37
3 9
3 91
4 8
3 98
4 47
3 57
4 87
3 19
4 88
4 28
4 41
4 72
4 95
3 50
4 45
4 41
3 47
3 87
4 29
3 5
4 84
4 0
3 34
3 95
3 80
3 99
4 98
4 13
3 69
4 58
4 49
3 23
4 16
3 35
4 4
3 76
3 55
4 32
4 93
4 55
3 63
4 95
3 75
3 99
4 28
4 4
4 87
3 89
4 24
3 46
3 49
3 5
3 87
4 54
4 29
4 38
3 66
3 15
4 86
4 70
4 15
3 79
3 67
4 12
4 29
3 29
4 1
4 45
4 38
4 15
4 33
3 49
4 58
3 80
3 11
4 9
3 62
3 62
4 35
4 81
4 29
4 51
3 73
3 87
3 69
3 37
4 84
4 11
4 38
3 89
3 69
4 97
4 57
4 66
4 31
4 56
4 50
3 6
4 72
4 10
3 71
4 68
4 69
3 63
4 80
3 2
4 5
3 8
4 20
4 33
4 31
4 8
3 57
3 59
