21918
19746
21401
20916
24028
19445
29436
30331
27378
21762
27534
23294
24121
22536
27778
20642
23447
27919
20746
29456
29433
21957
20829
22336
29093
21716
20070
28845
22177
23575
27850
21020
22943
21228
21054
22987
29807
23835
23859
22134
22602
21403
29047
21474
21545
21854
22421
23651
22869
20587
23215
20150
18136
26258
28936
22931
21102
27169
20294
27594
27488
29085
22766
21196
23305
29018
27190
22863
23382
27775
28679
28108
23318
21845
22615
20761
20570
27980
20818
23158
23091
29503
29355
22832
23191
28485
24491
24212
22601
20438
19207
