24389
24436
28546
21428
22587
29862
30302
31092
22477
23821
21728
30520
29360
30700
30362
22235
22086
21333
21882
23796
21255
29069
24963
24009
21662
21770
24076
22810
29362
23385
22967
23644
29766
23207
21440
24147
28848
28879
23269
21802
30074
22614
23248
21454
30464
22867
28747
22105
30103
21754
21448
23032
23087
20186
24684
23802
21857
23732
22821
23823
23485
21742
28240
23525
20840
29493
23692
21474
30350
28192
29640
29136
23173
24236
29980
30296
24201
29621
30843
22829
23208
22849
22932
23390
22067
