5
1969 7155 1158866
6 60
6 87
4 83
4 56
4 6
5 75
6 22
4 2
6 70
5 50
6 82
4 57
5 72
5 18
6 36
5 87
6 9
6 84
6 2
5 35
6 4
4 31
6 37
6 97
6 22
5 27
4 55
5 64
6 78
5 72
5 16
4 53
4 63
6 15
4 0
6 19
6 36
5 99
6 12
5 69
6 67
4 3
4 2
4 87
6 41
4 7
5 92
5 15
4 39
4 53
4 47
5 95
5 49
5 39
6 79
6 93
4 61
6 40
4 88
5 24
4 14
6 37
5 77
5 1
4 57
4 7
4 54
4 89
5 93
4 50
4 29
4 1
4 97
4 68
5 32
4 62
4 20
6 66
6 54
4 72
4 39
6 63
4 3
4 77
5 1
6 39
5 73
6 61
6 5
6 89
6 45
6 85
6 55
5 63
5 89
6 94
6 5
4 54
5 46
6 78
6 94
5 6
4 67
6 32
6 9
4 59
5 51
4 9
6 99
4 94
4 97
5 66
6 18
4 27
4 78
4 19
4 82
4 24
5 80
5 49
4 62
4 7
6 93
5 40
6 100
5 66
6 17
5 17
5 84
5 92
6 26
6 80
5 62
4 56
4 50
6 69
4 4
6 50
6 30
5 94
4 24
4 88
6 40
4 20
5 82
5 94
4 55
6 86
4 62
5 9
4 79
4 71
4 8
5 83
5 42
4 13
5 29
5 87
4 58
4 91
6 79
6 34
6 4
4 94
4 44
6 92
4 91
6 95
5 10
4 9
6 70
5 40
6 87
5 81
6 22
5 61
5 16
5 90
4 51
4 0
6 12
5 82
6 46
4 41
6 64
4 18
6 62
6 91
4 93
5 41
4 63
4 25
4 38
5 21
6 80
6 60
6 45
5 40
5 6
4 49
4 11
6 20
6 43
4 93
5 96
4 29
6 88
5 36
5 45
4 66
6 31
6 65
5 37
4 27
4 89
6 16
4 75
6 28
4 87
5 53
5 4
5 95
4 74
4 24
5 48
6 60
5 83
6 57
5 85
5 52
6 73
4 76
4 56
4 80
4 2
5 25
6 33
4 44
5 57
5 9
6 48
4 89
5 52
6 17
5 63
6 15
6 99
4 4
5 92
6 68
4 6
4 97
4 41
5 61
4 35
5 47
6 19
5 18
5 26
5 87
6 56
5 37
4 9
6 77
5 3
4 100
4 91
4 54
6 61
4 45
5 48
4 85
6 33
6 83
4 8
4 65
4 27
5 7
4 13
5 12
4 75
4 43
6 51
6 10
6 39
4 93
6 36
5 52
6 98
6 57
4 36
5 95
4 4
5 91
6 40
4 73
5 83
5 97
4 79
6 82
5 85
6 11
4 90
4 72
5 55
4 6
6 48
5 71
5 62
6 71
6 88
5 73
4 56
5 12
5 2
4 48
4 22
4 50
5 86
6 81
6 39
5 13
5 23
5 42
6 82
6 49
5 71
5 88
5 11
6 95
5 24
6 43
4 66
5 82
4 29
6 35
6 44
4 43
6 88
5 89
5 95
4 5
6 19
4 17
6 26
4 93
6 39
4 28
5 13
5 14
5 20
5 69
5 74
6 44
6 40
5 6
4 85
4 50
4 72
6 42
6 38
6 16
4 53
6 2
4 82
4 57
4 17
5 77
4 78
4 11
5 97
6 30
4 85
5 57
4 59
4 52
5 29
4 30
6 70
5 3
6 96
6 29
6 7
6 48
5 41
5 86
5 75
6 67
4 37
4 46
4 30
5 86
5 4
4 25
5 15
6 34
6 33
6 22
5 76
6 83
5 2
6 47
5 70
6 15
5 47
5 3
4 79
4 32
5 30
4 54
4 92
4 49
4 28
5 99
5 95
5 45
6 94
5 66
6 89
6 48
5 7
5 49
5 40
5 18
4 98
6 59
4 73
4 17
4 92
6 26
6 79
6 48
4 82
5 83
5 96
4 4
5 57
4 71
6 5
4 100
6 5
6 45
4 99
5 0
6 4
4 98
4 69
5 92
6 27
4 73
5 67
6 53
6 31
6 56
4 61
5 3
6 67
6 66
6 41
5 84
5 85
6 76
6 32
4 38
6 78
4 11
4 17
5 96
5 87
4 62
6 29
6 8
4 53
6 21
6 45
5 4
5 83
4 92
4 17
4 44
6 14
5 53
6 90
5 44
5 9
4 7
5 96
6 81
4 54
6 59
4 12
4 95
5 12
4 10
6 74
5 72
5 25
4 63
6 31
6 4
6 39
5 62
6 60
5 90
5 57
5 62
5 23
6 18
5 23
4 65
6 52
6 84
6 71
4 73
5 21
6 46
4 17
4 4
6 27
5 93
4 33
6 48
4 15
5 13
5 32
6 15
6 88
6 77
5 6
4 50
6 37
4 44
5 55
5 35
6 46
6 76
6 14
6 100
5 64
5 33
5 42
5 96
4 1
5 18
4 92
5 44
5 63
4 88
4 34
6 48
4 95
4 76
6 41
5 76
4 31
5 89
5 24
4 23
4 97
6 86
5 43
5 73
4 40
4 0
4 12
6 2
5 23
5 9
5 70
5 23
6 41
4 57
6 6
6 66
6 62
4 81
4 76
4 9
5 57
6 86
5 63
5 87
6 73
6 22
5 58
5 9
6 44
5 99
4 52
4 32
4 23
5 63
6 21
6 36
6 12
6 77
6 13
5 24
5 7
5 10
4 42
6 18
5 19
6 67
6 92
5 76
5 42
6 62
5 4
4 68
5 14
6 47
4 85
5 3
5 87
6 23
6 64
5 7
6 91
6 28
6 87
4 1
4 6
6 2
6 18
6 88
5 80
4 4
6 79
6 27
6 19
6 2
6 28
4 50
6 59
5 1
5 23
4 96
4 73
4 7
6 100
5 67
4 3
5 100
4 75
5 40
4 93
5 64
6 0
4 17
4 60
6 95
5 6
5 63
5 95
4 22
6 93
4 79
6 33
4 21
5 31
5 41
4 67
4 83
6 27
5 40
6 94
4 0
6 2
4 95
6 31
6 43
6 38
6 44
4 50
6 84
5 20
5 28
4 98
5 58
4 24
4 33
5 41
6 75
4 66
6 84
5 68
4 76
6 3
4 12
6 90
5 41
5 94
5 43
4 10
4 47
5 81
6 100
5 31
4 96
6 53
6 21
6 100
6 34
5 74
4 79
5 28
4 33
6 17
6 39
6 77
4 2
4 48
4 73
5 99
6 57
4 88
4 91
5 57
5 20
6 3
6 35
4 52
6 65
4 71
4 77
5 39
5 34
5 93
4 75
4 35
4 45
5 74
6 33
4 61
6 80
4 51
5 51
4 54
4 7
5 42
4 24
5 27
6 47
4 47
6 92
4 32
5 10
5 0
5 46
6 32
5 90
6 54
5 69
6 35
6 27
5 90
5 2
6 36
5 28
6 63
5 7
6 15
5 98
4 68
6 73
6 25
5 89
4 75
5 90
5 77
4 7
4 18
6 56
4 74
4 20
6 88
5 47
5 5
5 17
4 80
4 45
4 26
4 9
5 10
5 60
5 57
6 78
6 8
6 55
5 69
6 1
4 58
5 79
5 48
5 48
5 24
4 20
6 86
5 6
4 52
6 38
6 0
5 32
4 77
5 31
6 100
4 78
5 35
4 76
4 13
6 40
6 43
5 100
4 7
6 94
6 53
5 45
5 98
6 19
6 84
6 68
6 65
4 48
5 75
4 92
4 9
5 53
4 20
6 25
4 50
6 70
5 65
5 95
4 50
6 45
4 80
5 71
4 36
6 53
5 18
6 37
6 30
5 20
5 83
5 73
6 12
4 53
6 100
4 98
4 75
4 11
4 99
4 22
6 69
6 35
5 76
4 17
5 5
6 11
4 74
6 19
4 39
4 24
4 41
6 61
6 28
4 77
4 49
5 66
4 47
4 62
6 15
6 32
6 31
5 91
5 4
4 1
6 2
4 83
4 0
4 77
5 34
5 63
5 78
5 38
4 56
5 68
4 33
4 70
6 95
6 74
5 33
4 59
5 96
5 70
6 52
4 89
4 76
4 46
4 35
5 23
5 56
6 5
6 15
5 8
4 42
6 2
5 46
6 81
4 69
5 84
5 87
5 63
4 31
5 38
5 19
4 87
6 69
5 1
4 85
5 87
4 51
6 64
6 41
6 83
5 59
6 22
5 91
5 27
5 86
4 85
5 60
6 16
6 60
6 83
6 31
4 84
4 28
5 47
4 10
4 51
5 77
4 2
6 65
5 10
6 69
4 0
4 50
5 38
5 7
5 66
5 19
6 71
4 9
6 1
5 85
5 57
6 75
6 11
4 15
6 11
4 38
4 42
6 53
4 32
5 98
5 12
6 28
5 47
6 27
4 65
5 89
6 49
5 53
6 58
4 6
5 42
6 84
6 55
5 46
5 81
5 26
5 61
4 77
5 59
4 87
4 17
6 24
5 4
6 77
5 51
4 15
4 27
4 68
6 34
5 37
5 72
6 11
4 64
6 74
5 48
6 25
6 30
5 42
6 78
5 5
5 33
4 0
4 79
6 97
4 28
4 35
4 51
6 15
4 62
4 69
5 40
6 45
6 12
6 98
4 59
6 30
5 92
6 66
5 58
6 87
4 1
5 94
6 80
4 45
6 2
6 74
6 26
4 26
4 53
4 50
4 83
4 51
4 74
5 58
6 86
4 55
6 57
6 17
6 54
4 88
6 31
6 7
4 0
4 57
4 61
6 42
4 60
4 87
4 36
5 85
5 8
6 19
4 30
6 73
4 32
6 88
5 30
5 80
4 47
4 34
4 43
4 86
6 75
4 77
4 15
5 2
5 11
4 20
5 39
5 64
5 91
6 71
6 90
5 84
6 38
5 18
6 38
6 28
6 82
6 19
5 92
4 28
4 38
4 57
4 39
4 8
4 58
5 71
4 49
4 1
5 71
4 62
4 79
5 89
6 70
5 31
5 7
5 68
4 95
6 40
6 25
6 78
5 58
5 28
6 94
6 48
4 63
5 45
4 85
4 3
6 97
6 34
5 73
6 4
6 59
6 84
5 41
4 1
4 82
6 100
4 41
5 73
6 34
5 90
6 54
4 43
4 67
6 98
6 70
4 70
5 32
4 64
6 98
6 27
5 3
6 99
6 41
5 53
5 29
5 26
4 69
5 4
6 45
5 50
6 69
5 59
4 71
6 40
6 99
4 35
4 80
6 58
5 34
5 48
4 38
5 76
4 37
6 51
5 69
4 71
4 83
4 13
5 57
4 47
5 84
6 32
5 27
6 7
4 70
6 38
6 73
5 36
4 30
4 69
4 22
5 50
6 33
6 1
6 9
4 55
5 56
5 17
6 3
6 1
4 43
4 99
4 21
4 47
5 6
5 6
6 37
4 96
5 21
4 4
5 12
5 72
4 13
5 61
6 53
5 6
5 63
5 36
4 7
4 25
5 59
6 61
4 68
6 78
4 20
4 22
6 65
6 47
6 50
4 94
5 93
5 68
4 85
6 53
4 72
6 6
4 54
6 37
6 56
4 16
6 0
4 44
6 93
4 34
6 79
4 17
5 49
6 34
6 67
4 48
6 4
5 85
5 91
4 75
6 5
5 68
4 46
4 13
4 41
5 46
4 55
6 22
4 20
6 39
5 77
6 79
5 71
5 4
6 87
4 65
5 54
4 49
6 51
4 75
4 14
5 68
4 31
4 86
6 24
6 17
5 95
6 92
5 48
5 23
5 69
6 6
6 57
4 62
4 41
5 75
5 80
5 11
5 88
5 85
4 6
4 36
4 24
6 14
6 49
5 89
5 50
6 61
5 38
5 29
4 68
4 72
4 6
6 77
4 2
4 29
4 73
6 91
4 52
4 0
5 37
6 22
4 47
6 11
4 87
4 74
4 67
5 35
4 97
5 65
4 21
6 28
4 86
6 63
6 27
6 66
5 44
4 73
4 52
4 79
6 68
6 49
4 93
4 17
6 82
6 79
5 29
6 0
6 96
6 92
6 90
5 77
6 10
4 88
5 91
4 45
6 8
6 28
4 70
5 14
6 40
6 99
4 80
4 15
5 42
6 59
5 19
6 35
6 69
4 86
6 50
4 87
4 19
6 63
6 5
5 21
4 2
5 73
6 4
5 79
5 67
5 47
4 97
6 68
4 57
6 50
5 22
4 36
4 97
6 56
6 64
4 92
5 31
6 65
5 94
5 35
5 77
4 84
4 18
5 13
6 49
5 88
4 58
6 26
5 27
5 21
4 92
5 41
6 32
6 17
5 61
5 88
6 13
6 74
5 2
6 15
6 94
4 32
5 51
5 23
6 75
5 19
4 92
6 24
6 76
6 52
5 100
5 17
4 49
4 88
5 98
6 24
6 35
5 10
4 63
5 14
5 35
6 8
5 34
4 41
5 59
4 22
5 70
5 82
6 51
5 82
5 18
6 48
5 71
6 64
6 22
6 18
5 94
5 88
5 7
4 74
5 30
4 74
5 53
4 41
4 87
5 33
4 65
5 17
6 50
6 42
4 27
6 8
6 64
6 62
6 52
6 94
5 45
6 71
6 60
6 43
5 36
6 11
5 83
5 30
6 100
5 96
5 43
6 48
4 82
5 94
4 92
4 16
6 37
5 50
4 37
5 44
4 93
5 81
6 68
6 18
6 63
5 67
6 10
4 39
6 12
4 75
5 58
5 47
5 81
6 88
4 14
5 68
6 17
5 64
4 3
5 62
5 25
6 27
4 90
5 90
5 45
6 81
5 1
4 68
4 21
5 64
4 66
5 51
4 29
6 59
5 80
6 82
4 68
5 71
6 47
4 20
5 4
6 81
6 62
4 93
6 70
4 46
4 88
5 99
6 64
4 81
4 15
6 71
4 78
5 49
5 43
5 95
5 11
5 9
4 1
4 72
5 59
5 62
5 47
6 1
5 11
4 28
5 28
5 28
5 24
6 1
4 21
5 43
6 82
4 15
6 11
5 11
6 25
6 47
4 67
6 8
4 6
6 55
6 10
5 81
4 40
5 38
4 24
4 52
4 33
6 39
6 59
6 59
4 8
4 15
4 26
6 88
4 36
4 62
4 17
5 32
5 65
6 92
4 91
4 61
6 78
6 55
4 23
4 59
6 59
5 49
5 6
6 79
6 89
6 24
5 100
5 54
5 48
6 6
6 13
5 26
5 9
5 5
5 58
5 58
6 88
5 6
5 19
5 47
6 86
5 73
5 42
6 20
5 49
5 36
4 44
4 31
6 79
5 14
4 48
6 60
6 47
6 82
5 49
6 13
5 38
4 24
4 57
4 53
4 72
4 38
6 20
4 79
5 29
4 78
5 79
4 5
6 36
6 68
5 77
4 10
6 30
5 9
4 68
4 81
5 41
4 46
6 51
5 69
6 46
6 51
6 14
4 80
5 13
6 48
4 49
6 80
5 94
5 74
5 49
5 38
6 47
6 92
6 75
6 27
5 24
5 32
5 68
5 19
5 1
4 26
4 34
5 81
4 57
5 79
5 75
5 63
4 29
4 96
6 61
6 29
4 78
5 61
4 70
5 46
4 63
4 21
4 36
6 0
5 40
6 25
4 62
5 1
4 51
5 39
6 84
6 34
4 39
6 25
6 47
6 47
6 30
6 56
5 41
6 94
5 39
4 40
5 71
4 36
5 28
6 9
6 84
4 26
4 88
4 99
6 20
5 64
5 88
4 12
6 82
6 20
6 33
5 61
6 77
4 66
4 34
4 50
4 18
4 81
4 59
5 9
4 18
4 66
4 11
4 16
6 91
5 6
6 91
5 15
4 95
4 79
4 60
6 34
4 31
5 2
4 64
4 95
5 98
4 36
6 91
4 76
4 20
5 7
5 27
4 11
5 22
5 16
4 15
4 18
5 79
6 3
5 12
4 32
4 37
5 66
5 63
4 43
4 52
5 69
4 18
6 41
4 24
6 66
5 79
5 8
5 18
6 28
4 86
4 80
4 7
6 98
5 95
6 58
6 15
4 41
5 55
5 57
5 3
4 57
5 14
6 31
5 72
6 100
5 95
4 19
5 55
6 58
5 70
6 98
5 18
6 99
5 97
5 84
6 65
6 42
5 43
6 90
4 73
6 9
6 87
5 97
5 10
4 10
6 59
6 87
5 7
5 40
4 55
6 18
5 35
4 21
5 19
4 70
4 36
5 86
4 5
4 90
4 81
5 63
5 48
6 47
6 83
4 35
6 58
5 47
4 25
6 46
4 13
6 42
5 23
5 34
4 62
6 13
4 36
4 91
4 24
5 45
4 53
5 14
6 82
6 84
4 62
4 3
4 40
4 89
4 9
6 78
5 11
5 33
6 95
5 59
6 0
5 12
5 95
6 69
4 7
5 6
6 9
6 12
6 62
6 97
5 45
5 42
6 3
6 97
5 34
4 56
4 15
5 51
5 84
5 54
5 69
5 66
6 90
6 23
6 56
6 14
5 21
4 2
6 29
6 36
4 31
6 96
5 19
5 15
6 90
6 34
4 34
5 2
6 93
4 41
5 26
5 26
6 59
5 2
4 99
6 13
5 80
5 36
6 99
6 59
5 71
4 65
4 74
4 40
5 9
6 25
5 64
5 95
6 61
6 12
6 11
4 77
6 0
4 50
5 87
5 19
4 46
4 57
5 60
5 86
4 5
5 36
4 16
6 21
5 38
4 18
5 10
5 58
6 51
4 17
6 25
4 96
4 61
5 6
5 56
6 61
4 59
5 39
5 13
5 88
4 62
4 39
6 18
4 98
4 100
5 52
5 10
5 15
6 27
5 68
6 38
4 21
6 85
5 34
6 26
6 61
6 30
5 54
6 32
5 50
6 45
6 53
2102 7155 5735495
5 3
6 54
5 5
4 65
6 44
5 24
5 66
5 12
5 20
4 11
6 41
5 57
4 29
6 41
5 20
6 49
4 61
5 70
5 20
5 43
4 28
5 95
4 28
4 7
6 9
6 79
4 13
6 29
4 94
5 62
4 65
5 55
6 48
4 96
5 80
4 16
6 62
6 46
6 4
4 63
4 36
6 17
6 60
5 22
6 93
4 49
5 51
5 21
6 13
6 25
6 69
5 74
6 29
5 49
6 96
4 25
5 0
6 19
4 73
6 69
5 8
5 9
6 99
5 70
6 76
5 81
4 29
6 92
5 93
5 78
4 39
6 71
6 5
6 45
5 88
6 24
4 3
6 51
4 86
4 0
4 48
6 6
4 67
6 55
4 63
4 27
4 3
5 60
6 42
6 82
6 60
5 21
6 34
6 64
5 77
6 93
6 88
5 91
5 35
4 19
5 8
4 25
4 20
4 26
5 7
4 34
6 94
6 75
6 27
5 61
6 100
4 44
6 28
6 21
4 82
6 20
4 67
6 62
5 31
5 54
4 90
5 60
5 89
5 59
4 76
5 85
5 0
4 45
6 78
5 33
5 95
4 39
5 70
4 45
4 60
4 79
5 59
5 57
5 82
4 16
6 31
4 73
4 94
6 7
4 16
4 77
4 19
6 6
5 29
6 40
6 55
4 47
5 18
4 100
4 89
6 80
4 19
5 62
4 52
5 54
4 38
4 91
6 1
4 11
6 79
6 29
5 82
4 98
4 84
4 6
5 30
4 58
6 67
5 37
5 85
4 86
6 71
5 33
5 89
4 25
5 23
5 19
6 7
6 83
6 39
6 62
4 1
6 39
6 2
5 68
4 44
6 46
6 63
5 84
6 72
4 6
5 82
6 17
6 48
5 11
6 62
5 3
5 90
4 76
5 19
4 87
4 10
5 86
4 29
4 55
4 4
5 75
6 23
5 13
4 87
5 31
5 79
5 75
6 51
4 7
5 82
6 43
4 44
4 60
4 46
6 77
5 80
6 56
5 22
5 32
6 35
6 39
4 46
4 1
4 1
5 99
6 87
4 44
5 34
5 55
6 44
4 43
4 58
4 82
5 71
4 32
4 50
6 92
6 15
6 29
4 68
5 4
5 13
5 38
6 30
6 5
6 16
4 22
6 26
6 34
4 66
4 86
6 13
4 73
4 40
5 38
6 91
4 92
5 9
4 19
5 99
6 67
4 53
6 39
5 93
5 26
6 35
6 37
5 95
6 54
5 38
6 47
5 68
4 83
6 67
6 64
5 41
4 37
6 63
6 42
4 38
4 67
5 11
4 92
5 8
4 25
6 11
5 22
5 8
6 67
4 86
5 33
4 25
4 22
4 81
6 44
5 63
4 11
5 15
6 52
6 10
6 48
4 51
4 15
6 87
4 56
6 44
4 75
6 60
6 13
4 98
5 32
6 10
5 78
6 18
4 44
5 22
5 40
6 75
4 9
5 18
5 11
6 12
4 86
6 98
6 66
4 20
6 18
4 94
5 67
5 23
4 54
6 3
6 91
5 55
4 29
4 99
5 29
6 66
4 18
4 30
6 31
6 10
5 21
6 29
5 69
5 43
4 22
4 3
6 77
6 32
6 62
5 58
5 71
4 49
4 99
4 36
5 22
6 90
4 15
5 16
6 76
6 3
6 79
5 1
5 56
6 0
4 3
4 80
5 20
6 57
5 67
6 41
6 86
5 10
5 72
4 24
5 37
6 75
4 63
5 30
6 85
6 46
5 48
6 26
6 29
5 64
5 97
5 90
6 79
6 39
6 15
6 51
4 15
5 15
5 97
4 57
6 21
5 73
6 15
6 35
6 52
5 73
6 40
6 9
5 87
5 55
5 91
6 57
4 0
5 91
4 44
6 79
4 64
6 20
6 78
5 28
4 0
5 69
4 88
5 37
6 76
5 32
4 18
6 72
5 8
4 97
6 56
6 66
4 15
4 72
4 76
6 21
4 12
6 10
4 37
6 57
4 77
6 20
5 92
5 21
4 57
5 44
5 28
5 21
4 91
5 81
6 23
6 0
6 52
4 85
6 19
4 86
6 100
6 58
5 16
4 78
5 10
4 83
6 33
6 75
4 70
4 45
5 10
6 72
4 69
4 100
5 35
6 37
6 83
5 32
4 87
4 74
6 62
4 19
6 56
5 98
6 83
6 33
5 62
5 28
4 77
5 78
6 68
6 9
5 57
6 24
4 10
5 35
5 65
6 12
6 65
6 60
4 11
4 86
4 86
5 23
5 36
4 42
5 76
5 100
4 12
4 61
6 20
5 36
6 64
5 56
5 72
6 19
4 49
6 25
4 92
4 81
4 4
6 39
5 60
5 20
6 34
6 48
6 82
6 51
6 87
4 48
6 44
5 30
4 5
4 47
6 8
6 39
5 25
6 34
5 54
4 32
5 1
6 12
6 11
4 46
5 91
6 74
5 75
6 80
5 4
4 35
4 1
6 24
4 74
4 74
4 67
6 21
5 59
6 56
5 67
6 46
6 11
6 57
4 31
5 60
6 57
6 30
6 48
6 46
6 77
4 79
4 80
4 92
5 12
6 84
5 24
6 1
4 57
5 33
6 64
6 16
6 57
6 86
6 0
6 38
4 15
5 59
6 16
4 89
6 17
5 82
6 72
5 53
5 48
5 69
6 33
5 2
4 21
4 41
4 68
5 94
5 76
5 70
4 58
6 64
5 74
6 74
5 69
4 93
4 64
6 78
4 83
4 26
6 0
5 29
6 68
6 26
5 9
6 14
6 82
5 73
6 97
5 3
4 56
5 89
5 83
4 69
5 91
5 90
4 25
5 39
5 85
5 14
5 24
4 83
5 87
5 29
4 76
6 87
4 16
6 32
5 33
4 48
6 26
4 33
4 69
4 32
6 65
4 1
4 59
4 36
6 37
4 61
4 68
5 100
6 78
6 6
4 86
6 50
5 34
5 9
4 45
5 45
6 66
5 42
5 44
5 70
5 11
6 12
4 74
6 18
6 23
4 14
5 85
6 20
6 75
6 71
4 4
6 20
6 34
5 44
6 18
6 59
6 74
6 76
6 59
5 6
6 67
5 93
6 35
5 74
4 30
6 5
5 43
4 78
6 44
6 28
4 77
4 89
5 72
6 26
6 57
4 12
6 38
5 48
6 71
4 13
6 95
5 69
6 46
5 91
6 92
4 96
5 93
5 95
4 84
4 85
6 37
5 52
6 46
5 20
5 82
6 69
4 81
6 48
5 11
4 18
6 51
6 9
6 91
5 24
6 22
6 94
6 2
5 95
4 62
6 52
5 6
6 72
5 22
6 59
4 21
4 18
6 82
5 76
4 13
6 42
6 86
6 34
5 75
4 59
5 5
4 36
4 96
5 65
6 52
6 10
4 1
5 79
5 86
4 60
4 12
4 55
5 31
6 41
6 92
6 23
6 3
4 51
6 30
5 23
5 9
6 40
5 42
4 21
4 45
6 74
4 93
4 16
6 29
4 19
4 80
6 74
5 3
5 40
6 25
6 89
6 89
6 40
6 45
6 4
5 100
6 69
6 49
6 10
6 57
6 24
4 52
4 98
5 22
4 13
6 24
5 27
6 91
6 36
5 62
6 42
4 63
6 79
4 5
5 72
5 41
6 18
6 89
4 42
4 29
6 69
5 53
4 97
5 53
4 67
5 24
6 95
6 80
5 60
4 28
6 2
4 43
6 84
5 84
6 31
5 77
5 73
4 86
4 9
6 24
5 18
5 72
6 75
4 62
6 40
4 10
5 25
6 39
6 69
5 2
6 5
4 62
6 39
6 65
5 24
5 58
5 35
6 57
6 95
4 54
4 82
4 0
6 81
6 97
4 57
5 41
6 4
6 50
5 15
4 33
4 64
6 49
6 68
5 76
5 40
6 90
6 42
6 64
6 87
4 33
4 66
5 16
6 67
6 56
4 3
5 85
5 24
6 39
6 5
6 68
4 36
6 33
4 85
4 89
6 57
4 47
5 9
5 59
5 40
5 78
4 76
5 1
5 10
5 52
6 5
6 30
5 12
4 8
5 27
4 15
4 46
5 99
4 55
4 2
6 7
5 53
5 53
4 88
5 12
6 60
6 29
6 12
5 79
6 98
4 43
4 33
5 72
4 84
6 53
5 42
4 19
4 24
4 90
6 78
4 16
5 55
4 60
5 18
4 89
5 43
4 27
6 17
5 65
6 51
4 42
6 77
4 9
6 48
6 61
5 57
6 35
5 88
5 54
6 33
5 80
6 52
4 47
5 40
4 88
5 74
6 53
6 92
6 38
5 27
4 92
4 88
5 32
6 30
6 8
6 82
5 49
6 56
6 1
6 46
4 76
4 42
5 55
6 16
6 48
4 4
6 87
5 21
4 1
4 53
5 17
5 6
6 32
5 10
5 86
6 52
4 32
4 29
5 67
4 99
5 94
5 74
5 47
4 33
5 25
4 11
4 13
5 63
6 28
5 60
4 22
6 14
6 49
4 0
6 3
4 92
4 11
4 99
5 89
4 49
5 48
6 63
4 40
4 95
6 41
5 3
4 28
4 4
4 59
5 27
5 91
6 75
6 21
6 52
4 77
5 40
6 23
4 20
4 62
5 63
6 41
4 54
5 4
5 61
5 33
6 94
5 48
5 77
4 13
5 45
6 81
5 46
5 80
4 58
6 59
5 86
5 51
5 65
5 64
5 52
4 94
4 73
5 63
6 48
6 30
5 26
6 93
5 13
5 75
6 40
5 18
5 20
5 63
5 34
4 62
6 76
4 24
6 46
6 54
6 96
6 56
6 55
6 86
6 62
4 35
5 40
6 83
4 68
5 86
6 11
6 51
5 41
4 24
5 46
4 51
4 60
4 48
6 10
5 15
5 62
5 94
5 47
6 62
4 59
5 16
4 10
6 59
4 49
4 8
4 39
5 92
4 55
6 0
6 17
6 77
4 32
5 27
5 5
4 56
5 7
5 40
6 92
4 38
6 35
5 73
6 53
6 88
5 24
4 49
6 89
4 16
6 98
4 30
4 11
5 93
5 34
6 56
4 45
5 11
6 44
6 53
5 34
6 34
4 74
4 4
6 31
5 81
6 55
5 51
5 92
5 75
5 54
5 19
4 76
6 43
4 36
4 74
5 36
5 71
5 69
6 24
5 1
4 85
5 86
5 71
6 56
6 70
5 7
4 45
6 20
6 87
6 1
5 87
5 75
6 38
6 37
5 61
4 18
5 63
6 92
4 55
6 14
4 73
5 91
5 9
4 69
5 28
6 58
4 91
6 36
4 100
4 23
6 73
5 100
4 49
4 49
5 92
4 46
4 5
5 33
6 40
5 53
6 96
5 32
4 49
5 76
6 64
6 24
5 85
5 59
6 45
6 44
6 27
4 1
5 1
4 79
6 35
5 0
5 62
5 36
5 99
4 81
6 1
4 3
5 30
5 68
5 91
5 87
5 28
4 37
4 3
5 9
4 65
6 78
6 5
4 58
5 71
6 51
6 47
5 9
6 51
6 29
5 12
6 93
4 96
5 91
4 72
6 53
6 26
4 52
4 21
4 70
4 26
5 6
4 4
6 63
5 6
6 49
6 30
6 21
4 86
4 55
4 68
4 42
4 93
5 45
5 85
6 42
4 3
4 47
5 57
4 61
5 48
6 63
4 3
6 51
5 6
6 78
4 3
4 27
6 79
4 7
4 27
6 10
4 30
6 30
4 42
4 93
6 89
5 59
5 47
5 25
5 43
4 97
6 31
5 75
5 13
4 76
5 35
4 52
6 9
5 84
4 29
4 97
6 74
6 58
6 30
4 71
4 16
4 40
6 64
6 89
6 73
5 81
6 74
6 54
6 3
4 38
6 30
5 70
5 26
4 48
5 29
4 81
6 85
4 84
4 76
4 39
4 99
4 91
6 5
4 21
4 15
6 57
4 15
5 21
5 98
6 85
5 97
5 26
4 75
6 28
4 45
6 87
4 23
4 96
5 75
5 91
5 54
6 65
5 33
4 53
6 15
6 79
5 7
6 97
5 35
4 20
4 92
4 39
6 28
6 3
6 74
6 56
5 51
4 42
4 83
6 5
4 9
5 61
6 71
4 80
5 15
4 61
5 91
4 2
4 78
6 12
6 59
5 93
4 19
5 84
5 54
6 13
6 37
5 55
6 47
6 92
5 92
6 68
6 54
6 30
5 41
4 63
6 70
4 23
5 8
6 50
5 96
6 89
6 46
6 84
4 50
4 38
4 56
5 96
6 4
6 61
6 50
4 25
4 18
6 17
4 50
6 44
5 80
6 1
6 68
5 2
6 74
4 91
4 38
6 30
6 42
5 72
6 17
5 51
6 36
4 97
5 31
4 30
5 46
5 6
4 88
5 9
5 13
4 25
4 14
6 72
4 30
4 5
5 11
6 40
6 35
6 26
4 7
4 88
4 45
5 48
4 19
6 40
4 30
4 98
6 61
4 39
6 11
6 56
4 29
6 43
6 81
6 7
5 92
6 20
5 60
4 43
4 88
5 66
6 14
4 44
4 71
4 15
4 25
5 19
4 52
5 21
6 62
5 94
6 29
6 93
5 33
5 82
4 98
6 25
5 9
5 98
4 37
5 48
5 57
4 31
4 48
4 92
4 75
6 34
5 69
5 32
5 95
4 97
5 25
4 71
6 92
6 87
4 87
5 12
4 8
6 1
6 53
4 68
5 19
5 97
5 45
4 17
5 39
4 83
6 9
6 67
5 61
5 96
6 91
5 75
5 61
6 27
6 92
4 66
4 68
6 44
4 13
6 84
6 0
6 91
5 97
4 39
6 27
6 92
6 93
6 29
6 19
4 73
4 1
6 76
6 52
5 52
5 21
5 9
4 46
6 97
4 49
4 42
6 32
6 74
5 7
6 38
6 5
5 27
6 0
5 41
4 91
4 61
5 94
4 81
6 6
4 97
4 76
6 24
6 20
4 29
5 5
4 51
4 90
4 45
6 8
4 95
6 44
4 1
4 16
6 52
5 32
6 56
6 22
6 90
5 45
4 60
6 54
4 0
4 22
5 39
6 87
4 77
4 99
6 60
6 6
4 10
5 92
4 43
5 53
5 42
4 8
6 0
6 0
6 19
4 90
5 37
4 80
4 40
6 70
5 65
6 4
6 99
5 89
6 15
6 49
4 75
5 23
6 22
6 50
6 75
5 55
5 9
5 68
6 90
4 14
4 63
4 49
4 16
6 83
4 75
6 5
6 31
4 45
5 27
4 85
5 98
4 54
4 18
6 59
4 17
4 45
5 60
6 52
6 0
5 49
4 2
4 9
4 100
4 34
5 22
5 39
5 82
5 63
5 98
4 8
5 5
5 68
6 24
6 26
4 40
5 64
4 53
5 9
5 40
4 30
5 46
4 63
6 37
4 83
6 30
6 70
5 25
6 30
4 21
4 25
6 39
4 70
4 56
5 58
6 7
5 38
4 62
5 3
4 91
4 62
5 42
5 2
4 35
6 48
5 92
6 89
6 3
6 68
4 69
4 82
5 31
4 14
4 4
4 51
6 56
4 13
5 37
4 93
6 64
5 54
5 63
6 43
5 37
5 40
5 99
4 33
6 57
5 89
6 74
6 98
4 69
5 59
6 93
5 43
4 14
4 27
4 60
4 81
4 50
4 54
6 81
4 56
6 24
6 25
4 22
5 31
6 83
6 5
5 47
6 17
4 66
4 3
4 90
6 82
6 99
5 35
5 75
4 99
4 32
4 60
6 12
5 13
4 71
5 53
6 18
5 9
4 33
6 87
5 92
4 76
6 86
6 34
6 65
4 95
5 17
5 94
4 90
6 23
4 84
5 14
6 65
4 73
4 48
5 76
4 26
5 46
5 30
4 100
5 13
6 99
4 54
6 78
5 23
5 84
5 94
5 98
4 2
4 27
5 44
4 84
4 73
5 36
6 25
4 11
6 42
6 43
6 1
5 83
6 23
5 56
6 61
6 0
6 38
4 86
6 28
5 4
4 3
6 54
5 58
4 15
5 4
6 50
6 58
4 93
6 78
5 85
6 66
5 6
5 10
5 62
5 30
5 77
4 76
4 59
4 68
5 0
6 28
5 30
5 73
4 71
6 12
6 75
6 57
4 63
6 1
6 7
5 27
6 91
6 93
4 53
4 51
5 22
6 8
4 55
6 49
6 33
5 64
5 82
5 30
4 3
5 65
4 50
6 37
6 67
4 64
6 92
4 90
4 79
5 9
5 27
6 98
6 7
5 7
4 71
5 51
5 18
4 74
5 58
6 42
4 43
6 91
6 48
4 91
5 32
5 33
4 35
4 66
4 67
4 80
4 69
6 87
4 25
4 4
5 20
5 81
5 8
4 20
6 87
4 25
4 92
4 47
6 84
5 55
4 69
6 95
5 70
5 90
5 95
6 26
6 40
5 21
4 88
5 38
5 77
5 12
6 71
4 24
6 9
5 79
5 14
6 87
6 25
6 74
6 23
5 84
5 90
4 30
4 59
4 81
5 71
6 47
6 45
6 14
6 29
6 34
4 42
4 20
5 1
4 56
6 28
6 10
5 37
4 99
5 22
4 78
6 5
6 23
5 91
4 78
5 4
6 50
6 56
5 55
5 96
5 39
5 40
4 94
5 36
6 59
6 33
5 91
5 98
5 32
6 28
6 0
6 10
4 100
4 30
4 99
5 41
5 24
5 41
4 56
6 71
4 28
6 30
4 69
6 88
5 3
5 52
6 19
4 14
6 83
5 73
5 96
4 59
4 79
4 16
6 40
4 75
6 85
4 14
5 5
4 45
5 95
5 64
5 90
4 28
6 34
6 67
6 24
5 98
6 19
6 65
6 37
4 20
6 34
5 34
6 52
6 46
5 41
5 54
6 49
5 58
5 79
6 36
5 71
5 54
5 0
4 38
6 72
5 14
5 61
6 0
5 83
5 93
4 28
4 7
6 47
6 52
5 93
6 45
6 89
4 41
5 53
6 95
6 44
6 53
5 93
4 40
6 32
5 9
4 83
5 12
6 40
5 71
6 32
4 50
4 11
6 14
5 97
4 19
5 51
6 24
6 64
6 32
5 4
6 68
5 3
6 63
5 81
6 88
6 64
6 59
5 38
5 89
4 42
6 77
6 21
5 21
4 87
5 96
4 65
5 49
4 69
6 13
5 23
4 77
4 99
6 28
4 55
4 49
5 97
5 58
4 44
4 99
4 28
6 35
6 42
4 17
6 81
4 19
4 85
4 86
6 63
6 66
6 76
6 57
6 35
6 22
5 19
4 49
4 4
6 21
6 32
5 17
5 98
4 93
4 52
5 87
5 36
5 23
4 24
6 11
4 29
6 49
4 49
5 79
5 68
5 91
4 9
6 5
5 10
4 62
6 47
6 95
5 18
4 44
6 25
4 98
6 63
1874 7155 1584120
4 84
6 87
4 8
6 58
5 4
6 46
4 13
5 21
5 100
5 84
5 42
6 66
5 50
6 75
5 5
6 68
4 4
6 73
4 26
4 9
6 40
6 38
4 24
4 67
4 43
6 98
6 66
5 89
4 62
6 99
5 63
4 93
6 4
6 54
4 31
4 54
6 27
4 10
4 6
5 52
4 90
4 17
5 59
4 62
6 60
5 100
4 60
6 64
6 47
6 87
6 84
5 19
4 2
4 9
6 21
4 98
4 63
6 24
5 13
5 27
4 91
4 9
5 9
5 9
4 81
4 88
5 46
4 89
5 60
6 47
4 68
4 53
4 19
6 99
4 64
4 17
4 36
6 17
6 15
6 88
5 97
4 65
6 46
4 58
5 80
5 79
5 91
6 61
6 26
5 84
6 27
4 65
5 47
5 49
4 55
6 76
6 27
6 44
6 36
6 94
6 100
6 17
6 72
4 49
6 30
6 47
4 81
6 9
6 70
4 51
4 49
4 53
4 81
5 96
6 33
4 49
6 73
6 10
4 32
6 4
4 11
4 81
4 68
5 72
4 46
4 65
5 59
5 29
5 92
5 24
6 6
6 35
6 56
5 14
4 99
6 52
5 23
6 37
6 97
5 20
6 18
6 1
5 14
5 59
4 17
5 14
5 52
5 80
5 62
5 91
5 18
5 88
6 44
6 94
4 47
5 70
6 61
6 72
4 34
4 39
5 9
5 5
4 97
6 29
5 48
4 74
5 52
4 5
4 65
4 10
5 64
4 28
4 21
5 31
6 75
6 22
5 62
6 17
6 20
6 2
6 100
6 86
4 33
4 52
5 33
4 94
6 82
4 56
6 95
4 70
4 87
5 5
4 12
4 92
5 85
6 7
5 68
5 83
4 19
5 11
5 26
5 23
6 100
6 24
4 20
5 4
5 3
4 3
4 61
5 26
5 53
5 64
6 66
4 15
6 41
6 8
5 98
5 23
5 53
6 17
6 9
6 21
4 28
4 37
5 23
4 100
6 46
6 23
5 12
5 75
6 50
5 72
4 60
6 73
6 75
6 95
6 84
5 6
6 89
5 28
6 74
4 77
6 29
5 84
6 83
4 75
5 51
6 33
5 5
6 42
6 98
4 61
4 65
4 60
5 21
4 84
6 88
5 64
6 83
4 47
4 73
5 84
5 21
5 71
5 72
6 48
4 15
6 41
5 68
6 22
6 3
4 21
6 9
6 44
5 18
6 76
5 89
5 25
4 100
6 9
6 80
6 9
6 21
4 14
6 34
4 60
5 8
6 91
5 83
6 99
4 63
6 13
5 6
5 1
5 76
4 89
5 85
4 55
5 49
4 48
5 11
4 30
5 16
4 67
4 39
5 40
5 61
4 27
5 45
5 70
5 54
5 83
5 92
6 0
5 48
6 76
4 70
6 79
4 26
5 5
4 82
4 46
6 76
5 56
4 51
6 49
6 63
5 75
4 67
5 4
4 46
4 48
4 86
5 91
6 48
4 44
4 27
4 77
6 22
4 55
6 12
4 45
5 29
5 19
5 70
5 93
5 52
6 96
5 2
4 67
6 40
6 57
6 42
6 66
6 63
6 29
6 33
6 96
4 80
6 39
4 13
4 81
5 26
6 28
4 86
6 1
4 47
5 89
4 44
4 53
5 39
5 15
5 52
4 39
5 64
6 82
5 16
5 42
4 42
6 3
4 23
5 28
6 90
5 26
4 81
6 68
4 68
4 47
5 23
5 51
4 42
4 64
6 30
6 97
5 72
5 53
4 90
5 48
4 15
4 43
5 90
4 89
5 45
6 4
6 73
5 72
4 13
5 51
4 15
6 85
4 18
4 6
6 58
6 35
4 36
5 41
4 94
5 16
5 54
6 43
6 39
4 56
6 51
4 44
4 44
5 57
5 5
5 91
6 70
6 76
6 80
6 52
4 57
5 77
6 87
5 50
5 100
5 5
5 44
5 6
5 21
5 60
5 14
5 69
6 35
5 35
4 26
5 80
6 84
4 75
4 35
5 5
6 68
6 21
5 51
5 95
5 14
4 10
5 9
6 2
5 47
4 84
4 16
5 12
4 3
5 94
6 72
5 50
5 56
6 13
4 90
4 34
4 97
4 68
4 58
4 2
4 86
4 65
6 42
5 63
4 55
5 42
6 28
4 52
6 87
5 98
6 21
4 60
5 64
5 86
6 61
4 17
6 60
4 74
5 37
6 78
6 87
5 56
5 46
6 26
6 56
6 11
5 3
6 40
6 32
6 86
5 17
5 97
4 23
5 34
4 24
6 22
5 51
4 36
4 99
5 69
4 85
6 51
6 71
4 1
4 4
4 74
6 94
5 47
5 64
4 41
5 31
5 40
6 2
6 65
5 60
4 75
4 49
5 1
6 66
4 12
4 71
6 84
6 73
6 3
4 2
6 80
6 36
5 17
5 6
6 35
4 31
6 78
4 87
4 76
4 19
6 17
5 49
4 2
6 75
5 30
4 30
5 76
4 79
6 81
6 87
6 21
4 53
6 26
6 14
6 11
6 55
5 40
5 77
5 45
5 56
5 53
5 74
4 20
6 31
6 31
4 58
6 71
6 16
4 43
4 16
5 27
6 59
5 28
5 96
4 100
4 78
5 33
5 97
6 83
5 35
5 36
6 71
4 60
5 70
4 86
5 89
6 50
6 15
4 8
4 80
6 96
5 17
4 82
4 77
4 53
5 33
6 98
5 93
6 20
5 75
6 27
6 14
4 41
6 36
4 54
4 73
4 81
4 59
6 98
5 82
6 81
4 61
4 68
5 13
5 48
6 94
4 35
6 19
4 5
4 10
5 63
5 49
6 82
6 47
4 8
5 39
6 36
6 19
5 99
6 92
4 79
6 2
4 85
4 91
5 6
6 7
5 4
5 15
4 45
4 93
4 77
5 62
4 45
5 100
4 14
4 70
5 4
5 41
5 30
5 5
6 79
5 38
5 36
4 6
4 93
6 0
5 54
5 43
5 78
6 73
5 22
4 74
5 78
6 17
4 47
4 76
4 33
5 54
4 30
4 88
6 72
4 19
6 94
4 92
5 29
4 57
5 0
4 77
5 8
4 9
5 23
4 9
4 64
6 77
6 18
6 29
6 74
5 6
5 63
6 56
4 27
6 61
6 16
6 18
4 50
6 22
6 21
5 25
6 63
6 92
5 91
5 30
5 5
6 71
5 96
4 62
5 11
6 21
6 25
4 34
5 98
4 73
5 71
4 76
6 0
5 65
5 27
4 72
5 34
4 77
6 81
4 66
6 87
4 57
4 54
5 67
4 69
6 27
6 56
6 86
4 62
4 22
5 88
4 46
6 87
4 41
6 9
6 75
6 82
5 4
4 15
6 83
5 79
5 88
4 77
5 1
5 67
6 31
4 60
6 52
6 15
5 43
4 32
5 44
6 52
6 23
4 7
6 13
6 44
6 68
4 27
6 37
5 67
4 29
6 84
6 54
6 75
6 56
6 52
6 19
4 40
4 45
5 6
4 17
4 99
4 6
6 41
6 6
5 55
5 96
6 70
5 86
4 43
6 51
4 27
5 31
5 68
6 62
4 2
6 34
4 94
5 99
6 72
5 70
4 7
5 26
5 25
4 38
6 64
4 22
6 42
6 40
4 75
6 26
4 68
5 60
4 1
5 14
6 92
4 18
4 35
5 3
4 48
5 77
5 41
5 81
4 1
6 55
5 82
6 13
4 48
6 61
4 0
5 4
5 58
4 86
5 83
6 74
5 26
4 68
5 64
4 42
5 69
5 55
5 11
4 13
5 41
6 28
5 54
5 23
4 74
6 35
5 54
4 45
4 59
6 52
5 6
6 61
6 3
5 52
4 5
6 75
4 59
6 75
6 11
5 22
5 49
6 44
6 43
5 47
6 87
4 97
6 4
5 65
6 21
4 67
5 67
6 47
4 5
5 8
6 94
4 92
6 9
4 92
6 78
6 64
6 38
5 94
4 1
5 30
4 55
4 82
5 80
6 22
4 53
5 19
5 22
6 78
4 20
5 52
5 96
4 15
6 11
5 35
4 92
4 44
6 62
5 84
6 90
4 35
6 67
5 32
6 88
4 53
4 50
6 89
6 36
6 58
6 69
5 81
4 79
5 78
5 67
6 78
4 91
5 66
4 62
5 41
5 2
4 10
5 44
6 59
4 32
6 64
6 77
4 64
5 23
6 38
4 52
4 14
5 65
4 39
6 76
5 88
4 80
5 63
4 51
4 23
6 54
4 16
4 20
6 3
6 50
4 41
5 95
4 53
4 63
4 27
6 40
6 79
6 93
6 100
4 33
4 36
6 18
5 87
6 93
4 77
4 9
5 31
5 6
6 36
5 23
6 62
5 95
5 75
4 46
4 85
4 71
4 56
4 38
4 23
4 40
6 82
4 41
5 67
6 36
5 19
6 65
6 38
6 86
5 36
6 51
6 42
4 30
4 2
5 2
4 21
5 10
5 98
5 32
5 7
6 10
6 77
6 13
4 92
4 42
5 55
4 36
5 22
5 97
5 43
6 96
4 45
6 12
5 59
5 88
4 3
4 57
4 12
4 13
5 30
6 93
4 39
4 98
4 28
4 39
6 22
4 51
6 30
4 81
4 42
4 41
6 82
5 13
4 66
6 64
6 89
5 100
6 46
4 72
4 57
6 18
4 49
4 52
5 83
5 84
4 9
4 33
5 15
6 78
6 78
5 88
6 49
4 95
5 65
6 11
4 3
6 61
6 55
5 44
4 44
4 33
4 40
6 80
4 16
6 6
6 92
5 81
6 39
5 12
5 60
5 78
6 37
5 93
5 0
6 36
4 71
4 94
6 91
4 56
4 60
6 14
6 98
4 93
6 47
4 76
6 54
6 81
4 93
6 28
6 92
5 31
4 55
5 63
5 14
5 33
4 58
6 74
5 14
5 46
4 57
4 8
5 67
5 49
6 73
5 82
6 88
6 41
5 92
6 77
4 70
4 89
5 1
6 43
6 83
6 24
4 6
6 4
5 88
4 8
6 4
6 75
6 11
6 65
4 45
4 70
5 98
6 93
6 100
5 72
5 11
4 28
6 59
5 16
4 69
6 67
6 95
4 7
6 7
4 83
4 86
4 3
6 48
6 47
6 9
4 33
6 80
5 55
6 68
6 48
6 60
4 10
4 16
6 78
6 94
5 41
4 64
5 56
4 50
6 22
5 22
4 50
5 21
6 92
4 45
4 80
4 54
5 11
6 96
6 46
4 30
4 86
4 72
6 6
4 31
4 94
5 26
5 6
4 93
5 39
4 92
5 91
4 45
6 44
6 16
6 60
4 56
6 5
6 15
5 75
5 96
6 63
6 79
4 16
5 47
4 68
6 27
4 0
6 85
4 43
4 24
5 26
4 94
4 27
4 37
6 53
4 29
5 31
4 92
6 91
4 26
4 63
4 42
6 53
6 62
6 93
6 64
5 49
5 96
4 97
5 47
5 58
4 30
4 91
5 100
4 93
6 94
4 93
6 61
5 17
6 23
5 32
4 32
5 79
4 6
6 30
6 77
5 71
6 99
4 64
5 66
6 37
6 5
5 64
6 99
6 62
4 97
4 11
6 76
4 45
6 74
5 99
4 49
4 25
5 77
4 26
5 80
4 49
6 0
5 46
4 28
6 6
5 29
4 23
4 86
6 15
5 43
6 37
4 36
4 52
6 70
6 2
4 11
4 6
4 70
4 31
4 83
6 39
4 23
4 66
6 0
4 48
6 61
6 73
6 63
5 57
6 29
4 92
4 69
5 100
5 27
6 57
6 1
5 8
4 26
4 24
6 3
5 45
6 15
4 20
4 87
4 66
4 30
4 38
5 52
5 47
5 16
6 33
6 67
6 99
6 40
4 57
4 60
6 68
5 2
5 72
6 28
4 11
4 10
4 78
6 35
5 19
6 60
6 5
4 89
4 51
4 10
5 10
4 17
5 73
5 17
6 89
4 14
5 0
5 35
4 29
6 7
4 97
5 51
5 26
5 35
6 63
6 38
6 67
4 67
4 77
4 42
6 31
5 65
6 58
6 25
6 26
4 56
6 41
5 48
5 13
5 64
5 98
5 34
6 20
5 27
5 2
6 94
4 89
6 83
6 29
4 79
4 96
5 74
5 91
4 9
6 8
6 50
5 61
5 94
6 98
6 63
5 79
4 81
6 7
4 70
4 86
4 52
6 87
6 13
4 46
6 54
4 16
4 14
4 20
5 24
4 21
4 86
5 96
4 88
5 0
6 72
4 74
5 26
4 16
6 65
6 31
4 26
6 68
4 71
5 95
5 20
5 68
4 53
6 63
4 31
6 74
4 75
6 13
4 48
4 91
6 1
6 90
4 33
5 80
6 59
4 15
4 6
4 0
4 100
4 51
6 0
4 35
4 2
6 4
4 35
4 33
6 13
5 30
4 70
5 44
4 1
4 57
5 100
5 22
6 55
5 74
5 63
4 92
5 21
4 71
6 35
4 36
6 25
5 62
6 61
6 40
4 55
4 33
5 19
5 80
4 0
5 56
6 15
6 98
5 67
6 43
6 21
5 53
5 60
4 36
4 82
4 3
6 93
4 52
6 29
5 39
6 92
4 55
4 49
6 55
5 63
5 84
4 89
4 42
4 10
4 25
5 40
6 39
4 86
6 18
4 97
4 51
4 6
5 96
4 17
4 81
4 84
6 27
5 69
5 44
5 57
4 65
4 74
5 49
5 65
5 77
6 15
6 36
4 54
4 69
6 75
6 33
5 84
6 7
6 26
5 62
4 57
6 35
5 56
5 87
6 89
6 44
4 91
6 83
4 91
6 42
4 84
6 14
4 94
5 11
4 66
4 73
5 66
4 33
4 2
5 48
5 98
4 70
6 61
6 52
6 100
4 76
4 75
4 83
6 23
5 30
4 54
4 93
5 6
6 9
6 46
4 33
6 55
4 19
5 85
5 53
6 79
5 75
6 2
4 21
4 81
5 39
6 37
6 73
6 16
6 96
4 28
6 92
4 57
6 87
5 3
4 43
4 19
5 24
4 90
4 46
6 83
4 66
6 91
5 27
5 7
6 28
4 80
5 29
6 62
6 5
6 77
5 55
5 5
6 66
4 90
6 54
4 12
5 100
4 53
5 46
4 51
5 20
6 37
6 19
4 72
4 73
4 34
6 72
5 48
4 89
5 89
5 39
4 69
4 5
5 65
6 10
6 70
5 90
5 36
6 42
5 59
5 63
4 89
4 33
6 31
6 97
5 6
4 21
4 4
6 0
5 42
6 60
6 79
5 24
5 86
5 19
5 39
6 15
5 6
5 47
5 85
4 98
6 0
4 50
5 24
5 81
6 88
6 22
4 50
5 10
4 98
6 14
4 46
5 54
6 19
6 83
4 54
5 76
6 14
6 38
5 26
4 8
4 2
5 51
4 20
4 92
6 62
4 45
6 41
5 46
5 50
6 41
5 81
6 55
5 3
4 31
6 31
6 78
5 15
5 65
5 97
5 7
5 92
4 5
4 21
4 72
5 16
5 13
5 8
5 29
6 6
6 33
4 7
4 24
4 31
4 89
4 56
4 22
5 37
4 36
5 42
6 93
5 53
5 91
4 23
4 28
5 53
4 31
6 35
5 43
6 63
6 2
6 70
4 95
5 97
6 94
5 24
4 98
6 36
6 50
6 24
6 31
6 38
4 14
4 6
4 70
6 43
5 75
6 96
4 65
6 41
5 60
6 56
6 54
5 40
4 20
6 12
4 70
5 64
5 37
4 96
5 5
5 49
6 22
4 45
4 62
6 52
5 80
4 16
6 71
4 98
5 48
5 48
5 37
6 54
4 52
6 39
4 50
4 63
4 43
4 10
5 59
5 50
5 69
6 36
6 15
4 63
6 95
4 21
4 72
4 23
4 92
5 37
4 30
5 75
5 87
5 78
6 41
4 83
6 85
6 92
6 93
5 42
6 91
5 97
4 54
6 45
6 32
4 79
4 9
6 8
5 50
4 89
6 55
4 67
6 66
4 26
5 68
5 97
5 26
5 28
6 86
5 49
6 90
5 59
5 11
4 23
5 43
4 48
6 36
5 9
5 18
4 58
4 17
5 98
6 57
4 65
4 0
6 8
4 1
5 12
4 81
6 82
6 62
5 45
6 75
5 15
4 58
6 60
6 49
5 2
6 32
4 21
5 12
6 41
6 96
5 26
4 66
6 9
6 100
4 8
4 12
4 29
6 82
4 88
6 76
4 62
6 75
5 15
4 77
6 75
4 0
5 25
5 16
5 17
6 53
5 10
6 32
4 17
4 51
5 28
4 82
4 8
4 3
5 80
5 45
4 66
4 27
6 0
6 48
6 79
5 83
6 24
4 57
5 90
4 73
4 100
6 89
5 88
4 86
2171 7155 5378064
5 77
5 87
4 5
4 6
6 13
6 0
4 33
4 74
5 39
6 2
5 89
4 37
5 46
5 62
5 24
4 87
5 14
4 79
6 27
5 56
4 100
4 1
4 47
6 9
5 7
6 99
6 0
5 93
6 28
5 47
6 96
6 67
6 9
6 48
4 10
5 79
5 12
4 76
6 18
4 61
4 90
5 63
6 67
5 36
5 96
5 68
5 41
5 4
6 3
5 29
5 42
6 23
6 69
5 8
4 7
4 47
6 67
4 30
5 39
4 40
6 21
6 91
4 66
5 19
4 92
6 71
6 18
4 20
6 7
6 97
4 47
6 91
6 33
4 97
6 48
4 4
5 65
5 46
4 98
4 18
6 37
5 14
4 66
4 41
4 28
5 16
6 4
5 73
6 87
4 69
6 31
5 2
4 89
5 16
6 41
5 74
4 59
4 93
6 71
5 65
6 7
4 2
5 33
6 23
6 75
5 11
6 25
4 66
6 11
4 64
5 67
4 93
5 30
6 59
5 78
4 77
5 43
5 29
6 57
4 36
6 42
6 78
6 81
4 59
4 12
4 41
4 17
5 54
4 79
4 9
6 42
4 51
4 20
4 60
6 18
6 74
6 30
6 79
5 73
4 1
5 22
6 62
5 46
4 31
6 51
5 28
5 40
6 41
4 11
6 41
6 97
5 15
6 53
4 48
6 10
6 49
6 65
4 44
5 41
5 17
5 52
5 19
5 90
5 88
6 20
6 68
4 88
4 93
6 79
4 83
4 66
5 37
6 96
5 25
6 75
5 20
5 81
4 65
5 54
5 91
4 72
6 32
4 80
6 53
5 24
5 1
5 90
5 39
6 16
5 45
4 77
5 40
5 73
6 50
6 31
4 76
5 68
6 12
4 73
5 85
5 55
6 79
6 36
5 89
5 11
6 78
6 25
4 26
4 83
4 93
6 13
6 6
4 2
6 51
5 9
5 56
5 86
6 62
6 54
5 90
6 65
4 23
6 67
4 93
5 48
6 10
4 9
4 25
4 66
5 49
4 13
5 100
5 75
4 28
4 39
5 98
6 80
5 18
5 96
4 38
5 100
6 91
4 14
5 94
6 18
5 27
6 52
6 29
6 98
4 57
5 55
5 7
5 33
5 57
6 34
5 99
5 34
4 55
5 37
6 24
4 63
6 9
4 15
6 65
4 17
4 9
5 87
5 3
5 24
4 84
4 96
5 9
5 99
4 19
4 69
4 71
6 7
6 28
6 9
6 74
6 58
5 10
6 22
6 91
5 88
4 75
5 72
5 90
6 75
6 69
6 43
4 89
6 96
4 24
4 91
5 28
4 49
5 65
5 1
4 60
5 8
5 64
4 20
4 90
5 15
6 68
4 24
4 8
6 55
5 65
5 62
4 100
6 53
4 23
4 57
5 57
4 0
6 9
5 41
6 59
6 17
5 49
5 92
4 14
4 35
4 42
5 52
4 99
4 45
5 17
4 16
5 91
5 61
6 12
5 82
5 25
6 20
4 67
5 42
6 21
4 75
6 23
6 53
6 53
5 73
5 59
4 82
4 38
4 69
5 62
4 72
6 98
4 100
6 77
6 43
4 56
4 14
4 44
4 47
6 34
6 32
4 11
5 83
4 89
6 77
4 79
4 55
4 14
4 45
6 91
6 4
4 43
5 41
4 80
6 19
5 60
6 58
6 9
4 8
5 67
4 83
4 67
6 13
5 51
4 14
6 1
6 55
5 37
6 20
5 27
6 99
5 59
4 89
6 28
4 49
5 85
5 49
4 30
6 25
4 37
5 72
4 90
4 85
6 63
5 88
4 85
5 6
5 58
5 68
6 21
5 66
6 72
5 86
5 8
5 90
4 85
4 14
6 79
4 95
4 65
5 69
5 0
4 63
4 62
5 45
6 90
5 48
4 29
6 97
5 30
6 11
5 64
6 83
6 89
6 44
5 18
4 86
4 0
5 29
6 51
6 27
4 19
5 13
4 96
5 50
6 23
6 39
4 47
4 97
6 88
5 9
6 14
5 17
4 75
6 18
6 20
5 14
6 46
4 59
5 70
4 12
4 89
4 43
6 1
6 73
6 65
4 37
5 7
4 17
4 34
4 3
5 81
4 87
6 65
6 98
5 33
6 30
4 6
5 13
5 7
4 96
5 71
4 22
6 85
4 96
5 41
5 83
6 63
5 94
6 6
5 1
5 50
6 67
4 45
6 91
5 97
6 93
5 97
4 1
4 2
5 33
6 52
4 99
6 31
6 46
6 9
5 6
5 36
5 33
4 93
6 72
6 86
5 59
5 65
4 87
5 8
6 29
4 24
5 63
5 68
5 32
5 31
5 53
4 24
4 42
6 14
4 53
4 83
6 27
5 80
4 97
5 62
4 2
5 32
5 58
4 58
6 20
6 69
5 11
4 16
4 25
4 56
4 90
4 72
5 81
6 14
4 2
5 99
4 26
6 92
4 36
5 72
4 57
4 73
5 41
4 52
5 1
4 0
4 38
5 27
6 35
6 58
5 100
4 9
6 9
5 68
4 58
5 72
5 62
5 8
5 12
5 98
4 68
6 90
5 59
6 72
6 80
6 89
6 32
6 32
5 62
4 91
4 97
5 98
5 85
6 90
4 72
4 73
5 54
5 47
5 100
4 70
6 34
4 52
6 78
5 44
5 85
6 1
4 4
4 29
4 58
5 41
5 92
4 95
5 11
4 67
4 62
4 6
4 30
5 6
5 32
6 70
5 86
5 17
5 2
4 15
4 74
4 59
5 58
6 19
4 100
5 86
6 4
6 74
5 7
4 0
4 75
6 30
6 43
6 26
4 3
6 12
4 23
4 6
6 2
6 24
5 0
4 17
4 37
5 33
5 5
5 18
6 85
6 49
6 48
6 2
6 5
6 51
6 100
5 26
6 28
6 64
5 3
4 77
5 19
5 49
4 65
4 5
4 33
5 98
5 23
6 82
6 49
5 73
4 77
4 49
4 45
4 37
6 44
6 86
5 97
5 29
6 56
6 60
6 35
4 73
6 25
5 81
4 95
5 0
4 50
4 48
5 63
4 89
4 39
4 78
4 57
4 61
4 1
6 93
4 55
4 54
4 38
6 26
6 17
6 57
5 5
6 31
4 11
4 67
5 57
5 89
6 37
5 34
4 54
5 9
6 60
4 23
5 29
4 7
5 42
4 7
5 61
4 48
5 52
5 81
6 83
6 80
4 3
4 59
4 29
5 12
6 18
6 51
4 0
6 46
5 93
5 94
5 51
5 96
6 35
5 83
4 26
6 31
4 43
5 92
5 98
6 74
6 95
4 41
5 71
4 11
6 67
5 86
6 16
5 100
5 84
4 34
6 36
5 57
6 42
6 37
6 92
4 32
4 62
4 34
6 45
6 92
5 24
6 14
5 60
5 65
4 2
6 0
4 90
4 65
5 66
5 28
5 34
5 71
4 16
6 17
6 8
5 80
4 63
4 34
5 77
4 9
6 58
5 81
6 67
5 33
6 12
4 25
6 24
5 35
6 75
6 95
4 72
4 3
5 23
4 24
6 50
6 28
5 64
4 45
5 53
4 69
5 6
4 100
5 16
6 77
6 64
5 95
5 94
6 10
6 41
6 45
4 86
4 12
6 19
5 4
5 7
5 88
6 48
5 70
5 78
6 29
5 97
6 53
6 40
5 32
4 14
5 92
6 10
6 1
6 45
4 15
4 92
5 91
6 89
6 11
5 86
4 86
6 22
4 89
4 20
5 96
6 25
5 10
6 100
4 34
4 74
4 9
5 5
6 93
6 87
5 38
6 26
6 5
4 3
4 100
5 5
6 79
6 4
5 28
4 8
5 1
5 5
4 70
5 70
6 67
5 11
5 19
4 83
6 2
6 92
6 15
5 58
6 77
4 16
4 88
5 10
5 99
4 56
5 2
6 10
6 64
5 21
6 90
4 41
4 75
4 80
5 28
4 33
5 45
4 80
6 31
4 17
6 14
6 2
4 56
4 77
5 47
4 1
5 54
6 11
5 63
6 62
6 41
4 3
5 47
5 77
4 49
4 33
5 97
6 40
6 98
4 61
6 54
5 9
4 38
6 20
5 17
6 78
5 51
6 82
4 32
5 37
5 78
6 52
6 57
5 84
4 53
4 0
6 80
5 2
6 6
4 62
6 81
6 53
4 100
5 3
4 94
4 73
6 50
4 12
6 29
5 83
5 29
5 34
4 23
4 23
6 66
4 43
5 34
6 23
4 18
4 42
4 12
4 63
6 23
6 65
5 54
5 90
4 56
6 10
4 85
6 14
6 12
5 38
5 9
5 76
5 83
4 59
5 13
5 63
4 97
5 9
5 52
4 72
6 14
5 41
6 28
4 30
4 6
4 62
5 96
6 100
6 12
6 12
5 85
6 25
6 43
5 51
5 30
6 66
5 58
6 61
5 11
6 19
6 85
6 59
6 12
5 77
4 87
5 11
4 82
6 89
4 70
6 34
5 24
5 100
6 9
5 85
4 6
6 47
5 56
4 64
4 76
6 80
4 83
4 62
5 93
4 37
5 83
5 26
4 72
5 24
5 4
6 39
4 47
4 45
6 6
6 40
4 39
5 55
5 89
4 0
6 53
6 41
4 69
4 10
6 63
5 52
6 83
5 75
6 44
6 0
5 3
4 25
5 93
6 58
6 62
6 35
5 70
5 44
5 88
5 4
6 63
6 53
6 7
5 91
4 0
6 38
5 31
6 51
6 51
5 11
4 63
6 70
4 68
5 53
5 37
4 53
4 12
4 80
5 11
6 38
6 52
6 8
4 70
6 91
5 98
4 84
4 35
4 96
6 25
6 48
5 74
6 39
6 44
6 67
5 25
4 37
6 14
5 28
4 5
4 26
6 37
5 17
5 52
4 50
5 47
5 22
5 21
4 29
4 30
4 55
5 95
4 93
4 10
6 41
6 26
5 100
4 51
6 5
6 78
5 66
6 59
5 8
5 17
6 56
4 74
5 41
6 86
6 42
4 11
5 71
6 56
4 83
5 84
6 88
4 73
5 69
5 39
4 4
4 83
5 37
6 12
6 83
5 36
6 73
6 2
5 28
5 1
4 96
5 37
6 76
5 23
6 5
4 91
5 27
4 79
4 70
5 99
6 0
6 44
6 49
4 15
5 92
5 48
6 20
6 2
4 7
5 90
5 29
6 17
5 29
4 67
5 35
4 99
6 27
6 62
4 8
5 51
4 38
4 60
6 20
5 4
4 78
5 85
6 75
6 96
4 84
4 13
4 53
6 20
5 70
5 62
4 75
6 64
4 20
5 70
5 50
5 75
5 42
5 96
6 60
4 81
5 31
4 75
4 63
4 55
6 18
6 80
5 51
5 96
6 22
6 99
5 54
6 16
6 82
5 51
6 72
6 23
5 13
4 58
6 11
5 54
6 57
5 6
4 22
6 76
5 79
4 29
5 40
4 32
6 1
4 46
5 28
4 89
4 18
6 25
6 61
6 40
5 56
4 27
5 91
5 26
4 20
6 6
4 94
6 42
5 17
4 30
5 79
5 49
4 28
6 47
5 1
5 58
5 44
4 57
4 19
6 74
6 32
5 18
6 4
5 99
6 97
4 37
4 35
4 75
5 8
6 98
4 86
4 58
6 63
6 67
4 10
4 14
4 29
4 88
4 58
5 46
5 53
5 28
5 62
5 22
5 70
5 99
6 57
6 21
4 36
4 88
6 65
6 49
5 12
6 57
6 24
4 85
5 31
5 73
5 73
5 75
6 0
6 15
6 50
4 97
6 44
6 62
4 26
4 89
4 76
5 53
5 8
5 80
6 47
6 83
6 46
4 52
5 49
4 56
6 9
4 43
5 70
6 52
6 20
4 31
4 99
4 81
5 2
6 11
5 1
5 8
5 0
4 26
4 96
5 29
5 19
6 90
5 66
6 74
5 66
6 60
6 24
6 86
6 94
5 46
6 77
6 35
5 58
4 66
4 13
5 96
6 85
5 94
4 48
5 27
5 66
4 28
5 14
4 21
5 47
6 97
6 33
5 5
4 28
6 1
5 91
6 60
4 4
4 29
5 3
6 21
5 58
4 64
6 61
6 21
4 20
4 27
5 36
4 72
4 78
5 74
6 54
6 12
5 82
4 94
4 21
4 23
4 99
5 9
6 29
5 5
6 97
6 17
6 60
6 67
5 87
5 80
4 51
6 77
4 79
5 35
4 26
4 66
6 12
4 100
6 67
5 46
4 28
5 11
4 7
6 91
6 45
5 12
6 97
6 72
6 62
6 92
6 5
4 94
4 56
5 43
6 27
5 27
6 40
4 100
5 61
4 46
6 13
5 24
6 40
6 21
5 69
4 7
4 94
6 80
6 86
4 94
6 40
6 92
6 16
4 81
6 42
5 86
5 77
4 95
6 85
4 7
4 16
5 95
5 29
4 73
4 30
6 72
4 5
4 51
5 67
5 0
6 73
4 35
6 91
5 96
5 69
5 95
5 43
5 41
5 60
6 50
5 20
5 79
6 25
6 75
4 26
5 14
5 5
5 17
6 30
4 41
4 67
5 59
6 83
4 8
4 84
6 41
5 94
4 64
6 1
4 50
6 83
5 57
5 39
4 33
6 45
4 91
5 97
6 68
4 13
4 26
6 83
5 84
4 12
5 97
4 46
5 97
5 41
6 37
6 82
6 13
4 79
5 74
6 89
6 77
4 29
6 48
6 94
6 8
6 92
5 96
4 99
5 13
5 58
4 88
5 11
5 34
5 72
4 83
6 92
4 35
4 55
6 72
5 31
4 70
6 94
4 64
5 32
6 34
6 3
5 24
5 5
6 91
6 71
4 64
4 44
5 59
5 97
4 29
6 28
6 5
4 74
5 76
6 67
4 77
6 78
6 92
5 83
6 58
5 33
5 86
5 45
6 94
4 65
4 5
6 75
4 32
4 38
5 60
6 96
6 47
4 57
4 56
5 56
5 30
4 14
4 0
5 91
5 97
6 60
4 50
5 88
5 24
6 17
6 73
6 14
6 55
6 64
6 56
5 80
5 100
5 10
4 48
6 5
5 30
4 54
4 4
6 39
4 49
4 20
5 94
5 73
4 43
5 87
4 53
6 7
5 47
5 33
5 36
4 68
4 15
6 76
6 22
5 29
6 98
5 32
5 8
6 64
5 94
5 62
6 66
4 77
4 17
5 72
6 56
6 17
5 86
5 89
4 100
5 70
6 79
6 35
4 3
4 15
4 96
6 74
6 39
6 69
5 33
5 18
5 80
6 84
4 47
4 59
6 11
5 65
4 1
6 79
5 11
4 69
4 23
5 37
4 57
6 41
6 31
4 52
5 21
6 20
4 14
4 89
5 27
6 16
6 12
6 77
5 90
4 8
4 14
6 15
4 94
4 37
5 23
5 46
4 99
5 27
5 60
5 90
5 8
6 78
4 30
5 87
4 41
5 60
4 25
5 6
5 26
4 50
6 26
6 80
6 61
5 25
6 58
4 82
6 0
6 17
6 57
6 82
5 68
6 69
4 93
5 66
5 85
4 83
6 57
4 81
5 49
6 81
6 21
4 35
4 68
5 32
4 44
6 96
5 51
6 45
5 25
5 77
6 23
4 69
6 3
4 47
4 29
6 91
4 66
5 86
4 47
4 57
5 33
6 23
5 31
5 69
5 52
6 53
6 100
6 88
4 44
6 26
6 88
5 2
6 8
5 26
5 48
6 100
5 3
5 28
5 48
4 10
5 27
5 14
6 58
4 99
4 54
5 1
6 35
4 99
5 94
4 89
4 46
6 35
5 74
6 56
5 84
6 51
5 67
5 33
4 0
6 35
5 0
6 8
5 100
5 52
4 7
5 38
5 43
4 37
5 96
5 77
5 70
6 22
5 8
6 42
6 60
6 80
6 33
4 8
4 26
6 26
5 88
5 11
6 5
4 79
4 16
5 51
4 32
5 45
5 31
6 80
6 99
6 47
4 20
4 93
4 9
4 78
4 100
6 17
5 48
5 1
4 70
5 6
4 83
5 84
4 79
4 22
5 74
5 64
5 49
4 53
4 70
6 95
6 22
6 19
5 90
4 28
4 83
5 75
5 52
4 95
6 76
6 59
6 19
4 67
4 55
4 10
4 5
4 24
5 54
6 7
5 41
5 89
6 67
6 64
5 26
5 63
5 82
4 66
6 61
4 27
6 46
5 91
6 86
5 11
4 15
4 86
5 10
5 44
4 59
4 19
5 30
6 2
4 41
5 29
6 0
5 58
5 78
5 74
5 21
6 83
6 8
6 17
6 76
5 39
5 5
5 2
5 24
6 1
5 86
5 80
5 45
5 32
5 63
6 26
4 45
4 2
4 40
5 42
4 68
5 35
6 83
6 33
5 38
4 33
6 68
4 95
4 27
6 34
4 58
4 32
4 88
4 55
4 97
4 42
4 73
5 17
4 75
6 69
4 75
5 6
4 93
4 75
6 14
5 49
5 11
4 87
4 57
4 97
6 88
4 11
5 31
5 90
4 3
5 44
4 8
4 6
5 9
4 56
6 24
5 4
4 3
6 30
4 81
5 70
4 61
4 2
5 57
5 74
5 75
6 27
4 55
4 53
6 5
5 65
5 91
4 32
5 41
5 35
4 34
4 21
4 75
4 30
6 68
4 33
4 38
5 28
5 23
4 21
6 64
4 61
6 74
6 82
6 72
5 52
4 45
6 14
6 24
5 7
6 84
5 70
5 42
4 30
5 16
4 62
4 95
6 72
4 81
4 23
6 65
6 50
5 93
5 44
5 70
6 36
6 36
4 73
5 92
6 1
5 34
6 53
6 0
6 44
5 62
4 39
6 90
5 92
5 87
4 68
6 63
4 87
4 81
6 92
5 10
4 78
6 6
6 21
5 28
6 72
4 27
5 7
6 85
6 53
6 72
5 49
4 49
5 62
6 32
6 31
6 11
6 28
6 49
6 52
5 8
5 7
5 37
6 74
6 29
5 83
5 83
5 42
6 12
4 92
4 11
4 2
5 27
6 25
5 86
4 96
4 52
6 94
6 54
6 27
4 95
5 57
6 55
4 59
6 43
4 64
6 73
5 19
4 88
4 9
5 3
5 42
6 28
5 40
5 27
6 2
5 16
6 10
6 16
4 3
5 19
5 15
6 39
4 81
4 86
4 41
5 92
4 47
6 11
4 17
5 68
5 84
4 23
4 56
4 20
6 82
4 4
4 56
5 69
5 45
6 61
5 6
5 83
5 83
4 83
5 21
4 31
6 1
5 34
4 35
6 2
6 41
6 13
4 61
5 12
6 52
4 19
4 4
5 45
5 81
5 56
6 92
6 26
6 91
5 51
4 19
4 18
4 11
6 42
4 66
5 87
6 63
4 29
4 33
5 98
6 23
6 28
6 83
6 45
6 78
6 65
5 76
6 15
4 21
4 84
6 85
5 94
6 4
4 33
5 60
4 22
4 62
5 25
4 38
5 83
5 56
5 47
5 97
5 1
4 99
4 25
6 25
6 58
4 13
6 52
5 71
5 93
4 3
6 13
6 99
4 27
4 70
5 91
6 85
5 57
6 21
4 94
6 100
4 34
5 86
5 99
5 79
5 32
4 39
5 10
5 26
4 94
6 48
4 89
5 80
5 51
4 94
6 93
4 67
6 82
5 33
4 27
5 75
5 14
4 55
6 19
6 4
5 1
4 83
5 62
6 93
4 35
6 70
5 45
6 84
6 86
4 57
2664 7155 7963851
3 23
4 100
3 32
3 96
3 37
4 90
4 58
3 22
3 27
3 6
4 62
4 4
3 55
3 0
3 34
4 5
3 4
3 39
3 4
3 40
4 91
3 67
4 47
3 76
4 18
4 77
4 50
4 65
4 80
4 10
3 94
3 47
4 16
3 34
3 24
4 53
3 75
3 30
4 46
4 24
3 31
3 41
3 72
4 85
3 42
3 10
3 7
3 27
3 85
3 54
3 93
3 21
4 22
4 79
4 40
3 2
3 73
4 37
4 12
4 47
4 3
3 61
3 21
4 79
4 14
3 41
4 65
4 12
4 13
3 13
3 8
4 9
3 51
3 72
3 45
4 90
4 7
4 87
3 17
4 27
3 45
4 51
4 29
3 61
3 94
3 64
3 95
4 28
3 39
3 74
3 2
3 43
4 53
4 85
4 41
4 19
4 64
3 80
4 86
4 45
4 18
3 7
3 57
4 3
3 65
4 66
4 56
4 20
4 26
4 83
3 76
4 43
4 37
4 93
3 7
3 11
4 60
4 88
3 73
4 17
3 28
3 20
3 19
3 62
3 64
4 71
3 83
3 42
4 15
4 80
4 62
4 40
3 29
3 41
3 95
3 75
4 69
3 59
4 18
4 75
3 90
4 19
3 39
4 59
4 3
4 98
4 32
4 83
3 17
4 37
4 72
3 72
3 77
3 96
3 17
4 84
4 32
4 29
3 92
4 81
4 53
3 92
4 60
3 51
3 57
4 99
3 80
3 27
4 44
3 23
3 70
3 82
4 4
3 96
4 90
4 71
3 2
3 66
4 41
4 18
3 24
3 9
3 63
4 78
4 76
4 21
4 21
3 6
4 84
3 13
3 67
3 43
4 54
4 74
3 88
3 33
3 9
3 40
3 59
4 32
3 20
3 81
4 48
4 66
4 24
3 41
3 65
4 80
3 52
4 90
3 63
4 65
4 50
3 92
4 42
3 82
3 52
4 57
4 50
4 18
3 29
4 17
4 13
4 3
4 12
4 60
4 54
4 21
3 33
4 81
3 39
4 91
3 53
3 47
3 46
4 16
4 47
3 71
4 61
4 73
3 88
3 78
4 2
4 18
3 0
4 18
3 6
3 46
4 83
3 95
4 12
4 68
3 52
3 43
4 13
4 47
4 16
4 39
4 88
3 95
4 30
4 95
4 62
4 25
4 57
3 71
3 50
3 0
4 7
4 57
4 70
3 46
3 36
3 2
4 67
4 46
4 45
3 4
4 32
4 25
3 98
3 94
4 63
3 86
3 37
3 57
3 49
4 85
4 92
4 66
4 43
3 37
3 92
4 80
3 55
3 24
4 20
4 0
3 80
4 63
3 42
3 66
4 75
3 48
3 70
3 94
4 59
4 61
4 34
4 24
4 40
4 93
3 73
3 32
4 32
3 31
3 9
3 31
3 20
4 96
4 28
4 29
4 55
4 0
3 31
3 97
3 65
4 46
4 92
3 93
4 49
3 34
4 59
4 94
4 36
4 12
4 16
4 95
4 13
4 37
3 12
4 91
4 79
3 43
3 98
4 1
3 93
4 40
3 67
4 18
4 66
3 73
3 97
4 83
3 44
4 57
3 12
4 74
4 54
3 25
3 38
4 65
4 18
3 39
4 37
4 49
3 52
3 48
3 2
3 89
3 9
4 1
4 95
3 48
4 23
3 84
3 5
3 56
4 9
3 19
4 2
4 28
3 83
4 74
4 36
4 49
4 24
4 46
4 74
3 88
3 63
3 13
4 5
3 81
3 66
3 91
4 98
4 32
4 66
4 36
3 57
4 27
3 41
4 96
4 51
3 97
3 81
4 80
4 9
3 56
4 46
4 17
4 8
3 4
4 82
4 28
3 34
3 19
3 83
3 50
3 55
4 100
4 93
4 78
4 89
4 75
4 21
4 15
3 6
4 95
4 10
4 5
4 70
4 16
4 60
4 86
4 2
3 58
4 100
4 85
3 89
3 22
4 62
4 64
4 37
3 82
4 40
3 9
3 25
3 76
4 5
3 5
4 72
3 73
3 96
3 71
3 53
4 14
3 32
3 20
4 78
4 62
4 19
4 95
4 45
4 70
3 61
4 51
3 91
4 38
3 4
4 75
3 12
4 72
4 35
4 64
4 77
4 12
3 48
3 31
3 95
4 44
4 42
4 52
4 92
3 4
3 65
4 66
4 10
4 50
4 99
3 43
4 47
3 51
4 37
3 92
3 66
3 59
4 54
4 38
3 58
3 89
4 51
4 76
4 27
3 63
3 58
3 46
4 24
3 72
3 1
4 57
3 19
4 70
3 88
3 82
3 13
3 59
3 12
3 57
3 98
4 27
4 25
4 39
3 15
4 77
3 73
4 18
4 95
4 72
4 94
4 69
4 45
4 20
4 85
3 56
3 99
4 26
4 36
3 79
4 76
4 33
3 21
4 36
3 38
4 100
3 60
3 22
4 40
3 33
4 2
3 74
3 88
4 8
3 84
4 94
4 33
3 2
4 52
3 50
4 0
4 0
3 34
4 82
4 100
4 18
4 69
3 67
4 23
3 49
4 97
3 17
3 94
4 73
4 1
3 41
4 69
3 61
4 39
3 32
3 73
4 12
4 40
3 99
3 0
3 67
3 82
4 9
3 77
3 10
3 82
3 61
4 25
4 14
3 87
4 54
3 37
3 32
3 51
4 26
3 69
3 22
3 9
4 96
4 88
4 68
4 20
3 85
3 98
3 47
4 99
4 78
4 100
3 52
3 64
4 72
4 33
4 93
4 94
3 28
4 12
4 24
3 25
4 95
3 42
3 80
4 4
3 48
3 6
4 55
3 40
3 37
4 28
3 65
4 61
3 14
4 25
4 46
3 79
4 73
4 54
4 89
3 22
3 95
3 21
3 41
4 87
3 1
3 14
3 77
3 10
4 6
4 92
4 33
4 3
3 56
4 64
3 22
3 19
4 97
4 88
3 70
3 56
3 2
3 87
3 85
4 13
3 89
3 7
3 12
3 35
3 10
3 48
3 4
4 89
3 75
4 92
3 12
3 81
3 30
3 27
4 72
4 4
4 64
3 57
4 71
4 96
4 82
3 93
3 82
3 42
3 0
4 58
3 92
4 13
3 71
3 65
4 8
3 18
4 1
3 6
4 91
4 25
3 87
4 24
3 31
3 12
4 31
3 69
4 18
3 78
4 72
3 5
3 76
3 76
3 66
4 7
4 88
3 98
3 12
3 84
3 62
3 38
3 82
4 90
4 27
3 20
3 2
4 26
3 75
4 0
3 87
4 35
3 7
3 29
3 83
3 78
4 73
4 94
3 72
3 99
3 97
4 54
4 41
3 11
4 0
3 74
4 83
4 93
4 25
4 13
3 58
4 32
3 85
4 55
4 14
4 31
3 68
4 57
4 87
4 74
4 53
3 42
4 97
4 65
4 17
3 60
4 46
3 74
4 8
3 6
4 64
3 66
4 30
3 88
3 16
3 52
4 17
4 12
3 24
3 27
4 30
4 88
4 14
4 74
4 55
4 4
3 72
4 42
3 52
3 34
4 27
4 63
4 98
4 37
3 57
3 72
4 16
4 61
3 47
3 34
4 27
3 67
3 12
3 70
3 96
3 53
3 20
3 13
3 33
4 42
3 79
3 32
3 77
4 24
4 100
4 98
4 21
3 34
3 63
4 5
4 65
3 97
3 84
4 0
3 59
4 18
4 4
4 86
4 18
3 64
3 77
3 83
3 23
3 37
4 31
4 21
3 25
3 35
3 9
3 90
3 15
3 43
4 1
4 14
3 93
4 17
4 58
4 89
3 8
4 76
4 71
3 76
4 93
4 42
4 27
3 74
3 29
4 53
4 99
3 19
4 33
3 52
4 21
4 62
4 41
4 35
3 13
3 12
4 33
3 7
4 41
3 71
4 86
4 98
3 45
3 41
3 47
4 15
4 13
4 59
4 64
3 10
4 23
3 64
4 89
4 4
4 25
4 14
3 47
4 5
3 4
4 24
3 65
4 12
4 76
4 23
4 89
3 87
4 19
4 47
4 98
4 8
4 28
4 35
4 41
3 19
3 38
3 54
3 78
3 83
4 77
4 26
3 28
4 31
3 93
4 81
3 59
3 75
4 42
4 96
4 91
3 77
4 28
3 81
4 96
3 69
3 61
3 18
4 91
4 93
4 31
3 11
3 81
3 76
4 59
3 13
3 44
3 46
4 48
3 13
3 0
4 20
3 23
3 93
3 83
4 40
3 50
3 77
4 57
4 90
4 67
4 3
4 25
3 82
4 3
3 70
3 39
3 16
3 73
3 32
3 93
4 69
3 54
3 3
3 29
3 96
3 86
4 97
4 83
4 77
3 14
4 6
4 37
3 86
4 41
3 4
3 5
3 60
3 95
4 93
4 72
3 77
3 6
4 40
4 96
4 95
4 76
4 22
4 62
3 88
4 62
4 64
4 88
3 73
4 47
4 30
4 80
3 27
3 86
3 64
3 54
3 62
4 59
4 88
3 32
3 58
4 35
4 70
3 40
4 9
4 2
3 62
3 1
3 97
4 81
4 100
4 76
4 39
3 81
4 73
4 0
3 40
3 25
4 1
3 99
4 71
4 20
4 91
4 40
3 78
4 52
3 20
4 69
3 14
4 76
3 71
4 71
3 47
3 17
3 77
4 49
3 71
3 75
3 8
4 71
4 93
3 31
3 37
3 97
3 14
3 81
3 43
4 61
4 93
3 34
4 78
4 33
4 50
4 72
4 45
4 26
3 43
3 67
3 18
3 71
3 12
3 49
3 78
4 14
4 37
3 25
4 82
4 10
3 14
4 60
3 46
4 61
4 33
4 87
3 45
3 56
4 33
4 97
4 4
4 85
4 50
3 87
3 34
3 7
3 88
3 21
4 65
3 26
4 81
3 96
3 8
4 12
3 46
3 13
4 46
4 53
4 98
4 15
3 98
3 98
4 22
4 91
4 81
3 41
3 23
3 55
4 23
4 47
3 9
3 67
4 60
3 100
3 62
4 95
4 57
3 62
3 71
4 15
3 74
3 67
3 8
4 61
4 14
4 58
4 43
3 28
3 54
3 4
4 12
4 45
3 22
4 23
4 70
4 28
3 50
4 31
4 38
3 25
3 17
3 16
4 78
4 75
3 53
3 5
4 29
3 100
4 73
4 46
4 16
4 50
3 48
4 59
3 46
4 33
4 30
3 79
3 73
4 26
4 35
3 24
4 74
4 95
4 57
3 88
3 91
3 79
4 40
4 86
4 67
4 96
3 67
3 96
3 12
3 37
3 0
4 46
3 2
3 87
4 54
3 93
4 95
4 8
4 14
4 29
3 57
3 22
3 67
3 57
3 62
3 43
4 18
3 38
3 71
3 85
4 31
3 81
3 82
3 77
3 69
3 29
4 94
3 57
4 96
4 80
4 39
4 64
3 36
4 42
3 90
4 14
3 95
3 8
3 100
3 82
4 39
3 16
4 1
3 3
3 82
3 3
3 76
3 27
4 81
3 45
3 17
4 53
3 93
4 66
4 90
3 5
3 15
4 18
4 48
3 98
4 60
3 15
3 94
3 29
3 22
4 61
4 86
4 94
3 50
4 30
4 25
4 95
3 60
4 59
4 61
4 22
4 77
3 94
4 52
3 75
4 76
3 34
4 20
3 23
4 44
4 38
3 57
3 83
3 94
4 37
4 29
4 81
3 58
3 13
4 85
3 0
4 12
3 22
3 52
3 65
3 33
3 67
3 47
3 8
3 3
3 5
3 93
3 55
3 79
3 35
4 9
4 100
3 65
4 58
4 74
4 10
4 100
4 29
3 99
3 44
4 54
3 27
4 85
3 29
4 20
3 31
4 19
4 15
3 23
3 81
4 85
3 91
4 42
3 23
4 97
3 60
4 57
3 67
3 49
4 95
3 89
3 58
3 58
4 72
3 7
4 52
4 38
4 97
4 85
3 24
3 62
3 22
4 53
3 65
4 39
3 47
3 47
3 53
3 5
3 7
4 83
4 56
4 43
3 79
3 38
3 81
3 7
4 63
4 33
4 28
4 82
4 78
4 65
3 48
3 43
3 36
3 40
3 40
3 63
3 95
3 39
3 18
3 90
4 50
4 75
3 40
3 93
3 49
4 59
4 69
4 78
3 21
3 78
3 18
4 67
4 38
3 87
3 10
3 8
4 77
3 100
4 23
3 5
3 6
4 7
3 98
3 23
4 65
3 67
4 49
3 47
4 80
3 64
3 7
4 79
4 23
3 91
3 61
4 61
4 49
3 84
3 97
3 41
3 89
4 85
4 91
3 88
4 14
4 73
4 0
4 63
3 37
4 3
3 68
4 70
4 58
4 92
4 7
4 72
4 82
4 17
3 76
4 45
4 12
4 62
3 22
4 100
4 24
3 64
3 19
4 33
3 58
3 23
3 0
4 2
4 33
3 36
3 19
4 17
3 69
3 92
4 93
3 74
4 5
3 17
3 7
4 71
4 44
3 16
3 89
3 84
4 88
3 15
3 16
4 55
3 86
4 46
4 24
3 18
3 98
3 79
3 22
3 30
4 94
3 11
4 99
4 8
4 37
3 99
4 74
3 5
4 52
3 39
4 28
3 96
4 83
4 83
3 27
3 16
3 52
4 65
4 32
3 23
4 83
4 20
3 26
4 13
3 23
4 68
3 78
3 51
4 90
3 62
4 70
3 26
4 31
3 28
3 81
3 36
3 13
4 42
3 73
3 20
4 57
3 51
3 54
3 20
3 52
4 56
3 58
3 13
3 83
3 85
4 36
3 19
4 31
3 11
4 4
4 90
3 37
3 91
3 3
3 15
3 4
4 36
3 65
3 64
3 25
4 70
3 67
4 6
3 90
3 52
3 93
3 42
4 88
3 99
3 19
4 0
3 44
4 70
4 63
4 83
3 63
4 19
4 14
4 79
3 12
4 35
3 62
3 83
3 49
3 65
4 44
4 88
4 85
3 85
3 81
3 29
3 60
4 22
3 80
4 72
4 26
3 16
3 30
3 34
3 85
3 18
4 34
4 25
4 61
4 43
4 65
4 6
4 26
3 47
3 35
3 45
4 60
4 91
3 84
4 72
3 16
3 43
3 20
3 22
4 20
3 13
3 65
3 75
3 65
3 94
3 36
4 64
4 6
3 10
3 46
3 46
3 82
3 41
4 60
4 22
4 68
4 40
3 42
3 85
4 46
3 92
3 51
4 22
4 92
3 38
4 11
3 28
4 43
3 7
3 7
4 12
4 26
3 10
3 5
4 76
4 8
3 91
4 36
4 47
3 14
3 20
3 42
3 15
4 9
3 43
3 18
3 96
4 6
3 72
3 48
3 88
4 26
3 74
3 91
3 50
3 26
3 28
3 67
3 17
3 84
4 48
4 59
4 96
4 30
3 11
3 97
3 93
3 28
4 66
4 95
4 28
3 60
3 25
3 97
3 83
4 32
4 11
4 79
4 15
4 56
3 3
3 39
3 1
3 15
3 83
4 24
3 83
3 39
4 41
4 5
3 95
3 41
4 97
4 84
4 14
3 1
4 15
3 39
4 76
3 16
4 54
3 53
3 86
3 9
3 74
4 0
3 75
4 29
4 81
4 48
4 32
4 48
3 70
4 70
4 69
3 9
3 54
3 10
4 65
3 88
4 75
3 9
4 19
4 46
3 85
3 1
3 90
4 26
3 17
3 14
4 50
3 43
4 31
4 4
3 9
3 27
4 96
3 40
4 71
4 0
4 1
4 46
4 74
4 89
4 95
3 98
3 27
4 56
4 17
3 88
3 41
3 64
3 83
4 72
3 96
4 54
3 40
3 78
3 59
4 52
3 43
3 21
4 5
4 43
3 98
3 98
4 13
3 26
3 82
4 4
3 48
4 55
3 5
3 91
4 68
3 56
3 53
4 31
3 90
3 84
3 64
4 100
3 25
3 47
4 21
4 69
4 45
4 91
3 100
3 63
3 42
3 40
3 44
4 21
4 1
4 60
3 10
3 5
3 7
4 70
4 36
4 23
3 13
3 65
3 38
4 29
3 67
3 21
3 43
4 57
4 24
3 81
3 13
3 44
3 65
4 28
4 78
4 43
4 23
4 38
4 91
3 49
4 45
3 75
3 12
3 25
3 34
4 59
4 45
3 13
4 25
4 4
4 68
3 23
3 13
4 82
4 58
3 68
3 49
4 38
3 61
3 27
4 79
4 100
4 19
4 42
4 83
3 55
4 70
3 7
3 50
3 75
4 31
4 17
4 6
4 9
4 28
3 12
3 36
3 54
3 97
3 50
3 64
3 6
3 26
4 25
4 38
3 70
4 72
4 59
3 78
3 77
3 39
3 28
3 30
4 4
3 67
4 15
3 65
3 54
3 62
3 51
4 46
4 76
4 15
3 45
3 99
4 74
4 59
4 23
4 17
4 25
3 95
3 90
3 97
3 72
3 9
3 48
4 40
4 37
4 89
3 22
3 98
4 15
4 20
4 69
3 36
3 57
3 51
4 83
3 86
3 16
3 29
3 73
4 54
3 96
4 88
4 29
3 60
4 15
3 20
3 97
4 3
3 80
3 11
3 36
3 64
3 12
3 40
3 27
4 95
3 24
3 7
3 88
3 51
4 18
3 18
3 42
3 90
3 38
4 70
4 42
4 78
3 96
3 88
3 16
3 31
3 67
3 51
3 50
3 20
4 30
4 4
4 100
4 76
3 60
4 45
4 56
4 77
3 88
3 98
4 35
4 27
3 25
3 3
3 44
3 94
4 24
4 64
3 90
3 24
4 66
4 10
4 75
3 13
3 97
3 49
4 18
4 57
3 39
3 40
4 16
3 60
4 4
4 16
4 75
3 78
3 88
3 74
3 73
3 58
3 39
3 37
3 67
3 32
4 99
3 42
3 97
4 83
4 11
3 38
4 0
4 66
4 42
4 33
3 77
4 70
3 18
4 9
3 85
3 99
4 20
3 13
4 64
3 96
3 8
3 2
3 89
3 45
4 76
4 74
3 5
3 93
4 93
3 73
4 83
4 32
3 5
4 32
4 1
4 35
3 44
3 34
4 81
3 49
3 74
3 40
4 50
4 4
4 3
3 30
3 75
3 21
4 1
4 18
3 62
3 58
3 3
3 47
4 31
4 68
3 93
4 62
3 91
3 81
3 11
4 78
3 51
3 75
4 27
3 71
4 98
4 25
3 28
3 2
4 46
4 78
3 41
4 55
4 33
4 38
3 88
3 39
4 24
4 18
4 36
3 4
4 5
4 16
3 84
4 61
4 29
3 82
4 69
3 2
4 52
3 90
3 65
3 56
4 94
3 44
4 95
4 27
3 61
3 69
4 48
4 65
3 10
4 22
3 71
3 23
4 60
4 17
4 77
3 12
4 27
3 84
4 98
4 84
4 66
4 65
4 83
3 35
4 20
4 88
4 40
4 73
4 15
3 54
3 28
3 41
4 34
4 19
3 80
4 41
3 71
4 89
3 15
4 34
3 14
4 18
4 62
4 4
4 24
4 28
3 67
4 68
4 73
4 8
4 17
3 66
3 65
4 59
4 18
3 74
4 62
3 71
4 52
3 16
3 75
3 20
4 93
4 88
4 19
4 51
4 57
4 75
4 60
4 61
3 50
3 28
4 31
3 11
4 23
4 93
3 71
4 11
4 66
4 17
3 8
3 18
3 62
4 10
3 88
4 80
4 73
4 82
3 66
4 9
3 12
4 63
3 57
3 50
4 66
4 20
4 74
3 48
3 44
4 40
4 72
4 43
3 37
4 77
3 46
4 22
3 96
4 37
4 92
3 15
4 63
3 82
4 100
4 99
4 41
4 53
3 95
3 59
3 93
4 26
3 18
4 4
3 39
3 97
3 86
3 5
4 38
3 50
3 32
4 79
3 90
4 46
4 18
3 12
4 38
4 69
3 49
3 87
3 48
4 65
4 3
3 19
4 23
3 86
3 11
4 31
4 33
4 75
4 48
4 20
4 68
3 24
4 55
3 70
4 84
3 48
4 94
3 34
4 41
3 93
3 76
3 54
3 14
4 5
4 51
4 24
3 94
4 81
3 21
4 49
3 6
3 29
4 53
4 47
4 61
4 77
3 11
3 8
4 98
4 91
3 64
3 29
3 15
4 50
3 99
4 100
3 3
4 64
4 26
3 96
3 22
4 59
3 22
4 80
3 68
3 47
4 21
4 14
3 39
3 78
4 96
3 61
4 67
4 17
4 74
4 18
3 72
4 91
4 85
4 89
4 64
4 41
4 77
3 20
4 76
3 88
3 3
3 40
4 77
3 12
3 33
4 62
4 7
4 18
4 65
4 9
3 30
3 37
4 52
4 24
3 71
4 36
4 63
4 96
4 73
4 2
4 92
4 78
4 81
4 39
3 38
4 47
4 80
3 72
3 34
3 97
4 68
3 65
4 62
3 71
3 82
4 21
3 25
4 58
4 79
3 85
3 18
3 25
4 34
4 97
4 68
4 73
4 13
4 92
4 2
4 100
3 73
4 45
4 47
3 35
4 91
4 60
3 54
4 4
4 10
3 52
3 3
4 65
4 10
3 80
4 90
4 85
3 90
3 53
3 23
3 1
3 80
3 96
4 72
3 51
3 38
4 47
4 74
3 43
4 3
4 88
3 97
4 26
4 52
4 10
4 41
3 60
3 65
3 22
4 100
3 45
3 15
4 63
4 90
3 89
3 82
3 39
3 80
4 82
3 44
4 24
3 98
3 0
4 88
4 65
3 17
3 73
3 16
4 84
4 91
3 2
4 50
3 25
3 30
3 73
3 79
4 66
3 92
4 69
3 58
4 6
3 42
4 76
4 87
4 81
3 38
4 51
3 18
4 74
3 86
4 30
3 14
3 0
3 1
4 58
4 87
3 31
4 16
3 4
4 87
3 30
4 83
4 4
4 18
3 9
4 10
4 32
4 1
3 8
4 69
3 65
4 61
4 87
3 7
3 10
4 4
3 98
4 50
3 70
4 16
3 24
4 88
4 57
3 5
3 63
4 41
3 8
4 2
3 68
3 88
3 20
4 85
4 77
4 97
4 51
4 1
4 60
4 2
3 2
4 100
3 87
4 77
3 53
4 18
3 53
4 39
4 82
4 38
3 14
3 79
3 9
4 79
4 43
4 85
3 30
3 36
4 52
4 100
4 56
3 83
4 32
3 98
4 20
3 6
4 86
4 13
3 53
3 79
3 51
3 57
3 50
4 58
3 59
3 83
3 93
3 60
4 10
4 81
3 38
4 30
3 11
4 41
3 6
4 96
4 34
4 53
3 71
3 94
3 41
3 39
4 34
3 67
4 62
3 71
3 96
3 47
3 55
3 71
3 85
3 28
4 50
4 50
3 84
3 44
3 47
3 5
4 72
3 73
3 49
4 34
3 73
4 85
4 94
3 8
4 31
4 2
3 50
4 10
3 86
3 73
3 0
4 36
4 25
4 77
4 3
4 26
4 43
4 1
3 37
3 37
3 66
3 50
4 3
3 73
4 84
3 65
4 4
3 72
3 34
3 32
3 35
4 24
3 25
3 24
3 94
3 84
3 47
3 93
4 28
4 65
3 84
4 76
3 2
4 7
3 47
4 22
4 2
4 64
4 59
3 87
3 78
4 94
3 22
3 15
3 96
3 77
4 66
3 77
3 33
4 17
4 35
4 26
3 23
4 45
3 89
4 76
4 100
4 47
3 46
3 22
4 13
3 80
3 88
4 83
3 15
4 9
4 5
4 45
4 61
3 72
4 65
4 80
4 8
4 19
3 33
3 90
4 68
3 38
3 87
3 49
4 95
3 88
4 49
4 47
4 21
3 59
4 99
4 0
3 0
4 73
4 47
3 69
4 1
4 19
3 99
4 58
3 50
3 10
3 91
3 87
3 89
3 25
3 33
3 5
4 33
4 98
4 35
4 61
3 41
4 90
4 81
4 89
