20168
27944
20418
21974
26663
20832
27867
20257
21215
28343
28156
20774
20245
27879
21243
21324
20885
22555
21806
27508
21065
21800
21367
28034
21854
27017
29696
20225
20915
22052
21137
26569
22522
22676
20043
26873
27379
21825
22774
29668
21093
22641
22340
27334
22414
20960
21813
29437
21562
21856
21152
22680
20865
19394
22507
29151
29624
27266
28852
28556
23130
22277
23479
21201
27893
29781
22623
22399
22897
29000
22277
22937
20307
28503
19819
23510
20889
20321
27862
21836
28811
21059
28925
27675
22253
19218
20207
26757
21391
20569
22861
22295
21913
21270
