4
2018 8000 4973734
6 75
6 77
4 22
5 43
5 2
5 43
4 65
5 96
5 16
6 85
4 50
4 38
5 45
4 56
4 77
6 35
4 89
4 55
4 87
5 79
5 53
4 51
5 10
6 67
4 15
4 34
4 6
6 27
5 41
6 86
4 61
4 96
5 89
4 8
5 4
6 72
6 14
6 10
6 97
6 79
5 10
4 2
6 85
4 32
5 47
6 44
6 65
6 82
5 73
5 47
6 0
5 53
6 94
4 92
5 95
4 2
5 23
4 47
6 49
5 98
4 78
5 89
5 50
6 69
6 68
6 73
4 28
5 46
6 59
5 86
6 3
6 96
4 56
4 83
4 2
6 32
4 20
4 66
5 63
5 4
5 54
4 48
5 51
4 17
4 53
6 59
5 83
4 50
4 89
4 75
6 39
6 12
4 14
5 71
4 65
4 86
5 99
6 17
6 1
6 55
4 20
5 4
4 64
5 1
4 13
4 84
6 72
5 91
6 79
5 79
5 63
5 16
4 10
6 77
4 26
6 57
6 26
6 74
6 45
6 44
4 69
6 82
4 30
5 87
4 27
5 99
6 61
4 23
4 47
5 98
5 31
6 82
5 34
5 30
6 28
6 93
6 23
4 2
6 33
4 74
5 98
6 99
4 65
4 26
4 50
5 50
4 98
6 47
5 18
5 28
4 73
5 4
5 84
5 70
4 74
6 44
5 18
6 4
6 43
4 55
4 94
4 29
4 41
4 63
4 3
6 88
6 94
4 87
6 9
5 24
6 86
6 87
5 35
4 84
5 36
4 37
6 46
4 47
5 85
4 94
5 11
6 89
6 56
6 49
5 39
4 52
5 48
4 12
6 12
6 84
4 93
5 18
5 19
5 8
5 5
4 40
6 81
6 70
6 52
6 25
6 68
4 37
6 8
5 41
5 45
5 48
4 48
5 90
5 52
6 15
4 68
6 22
5 16
6 4
4 22
4 30
6 96
4 35
6 72
4 40
5 77
4 7
4 88
4 10
4 14
6 18
5 59
5 55
5 88
6 7
6 63
4 56
6 86
5 72
6 15
4 26
6 70
5 71
6 82
6 80
5 93
4 93
4 4
4 31
5 93
5 77
5 10
4 15
5 76
4 34
6 49
4 64
4 59
4 68
6 9
4 73
4 22
6 52
6 20
6 81
4 81
6 51
4 44
6 16
6 29
4 80
6 29
4 18
5 93
6 68
5 81
5 63
5 47
5 87
4 4
5 22
5 35
5 45
5 58
6 1
6 80
4 34
5 12
5 32
4 75
4 3
6 4
4 45
6 44
5 53
5 49
4 7
5 73
5 13
4 65
4 4
6 17
5 84
5 97
5 29
5 34
5 48
4 18
5 71
4 37
6 51
4 20
4 55
4 99
5 19
5 46
6 13
5 22
6 30
5 41
5 30
4 100
5 84
6 80
4 87
4 25
5 69
6 92
4 70
4 35
4 60
5 92
6 93
4 17
5 57
6 70
6 46
4 71
6 21
5 55
6 95
5 45
6 51
4 98
4 93
5 46
6 43
5 39
5 84
4 0
4 47
4 58
4 42
6 48
5 84
6 100
4 56
6 61
6 92
6 45
4 99
6 20
5 49
5 21
4 43
4 5
5 10
6 93
5 52
4 61
6 76
6 22
4 38
4 7
5 69
6 23
5 33
6 29
5 29
5 27
4 64
6 98
6 56
4 86
6 0
6 49
6 37
4 63
6 74
4 34
5 35
6 30
5 81
4 64
5 2
5 86
5 3
5 32
5 51
5 35
5 91
5 34
4 20
6 7
5 24
4 4
5 72
6 74
6 95
4 69
4 34
4 46
6 49
6 57
4 11
6 63
4 75
4 82
4 82
6 67
5 5
6 98
5 44
5 25
5 34
5 29
4 69
5 83
4 91
6 56
4 6
6 45
6 18
6 61
6 90
6 7
5 3
6 74
6 77
4 82
4 98
6 46
6 37
6 26
5 75
6 31
5 74
5 75
4 62
6 32
5 24
4 26
4 18
4 82
5 76
5 74
4 13
4 87
4 48
5 2
5 16
5 55
5 97
4 100
6 50
5 20
5 48
4 81
5 80
6 56
5 43
4 88
6 80
6 44
6 83
6 2
6 10
6 49
4 35
5 31
6 45
4 28
5 97
5 62
4 63
4 72
5 88
5 41
5 26
4 28
6 82
4 16
5 42
5 37
6 71
5 93
5 58
6 67
5 54
5 80
6 57
4 63
4 27
6 75
6 36
6 31
4 49
5 39
6 95
5 83
4 15
4 76
6 60
5 39
4 43
5 84
5 88
5 69
5 83
6 26
4 79
6 48
4 39
6 73
4 88
5 75
5 1
6 51
5 31
4 87
6 90
5 78
4 59
4 75
5 44
4 91
5 55
5 99
4 26
4 52
6 59
4 16
5 34
5 11
6 17
6 82
6 40
4 86
4 74
4 22
5 32
5 30
4 48
4 34
4 46
4 6
6 42
6 91
5 82
4 69
5 11
5 63
4 24
6 36
5 68
6 41
6 93
4 98
5 94
4 94
4 37
6 47
6 80
4 5
4 59
4 36
4 95
6 85
4 24
6 99
6 7
4 52
4 57
5 17
5 70
6 58
4 22
4 70
4 100
5 83
6 79
6 62
5 32
5 30
6 55
4 23
4 3
4 80
5 15
5 78
4 52
4 84
6 63
4 14
4 68
6 85
6 1
4 43
6 20
6 4
6 35
5 88
5 56
6 53
6 8
6 79
5 88
5 97
5 38
6 71
5 21
6 41
4 27
6 10
5 54
4 85
6 96
6 97
5 76
4 69
5 3
4 14
6 35
4 94
4 41
5 94
6 86
4 29
5 47
6 13
6 59
4 52
5 68
4 76
5 61
4 75
4 68
4 14
5 11
6 50
4 87
6 74
5 37
4 5
5 12
4 28
6 4
5 48
5 76
4 58
4 35
6 89
5 40
4 17
5 81
5 24
6 96
6 78
4 100
6 99
6 57
4 21
4 96
5 67
4 47
5 97
6 76
5 56
5 17
5 39
4 2
4 69
4 53
6 6
6 57
4 82
6 11
5 100
5 66
6 85
5 94
5 56
6 88
4 99
6 24
6 47
5 55
6 21
4 10
6 28
4 81
6 34
4 85
6 77
6 24
4 35
4 0
4 99
5 46
5 78
4 84
5 14
6 12
6 68
4 27
4 14
6 33
6 56
5 44
5 74
6 31
6 40
4 30
6 6
6 66
4 59
5 54
4 65
4 59
6 62
5 49
4 44
4 93
6 68
5 46
5 79
4 3
4 92
5 11
4 80
6 41
4 27
4 98
4 90
5 70
4 54
4 69
5 85
5 39
5 33
4 54
6 100
6 82
4 45
4 92
4 69
6 36
4 25
6 49
6 78
4 13
6 25
4 40
6 4
4 68
6 19
5 72
4 34
4 79
6 78
4 98
5 41
5 76
6 97
4 6
5 66
6 20
4 91
6 63
4 98
4 27
6 26
4 96
4 40
5 33
4 84
4 39
4 78
5 11
6 74
4 79
5 8
5 16
4 84
4 74
4 88
6 10
4 64
5 64
5 50
6 10
5 0
5 88
4 20
6 29
5 52
5 53
5 99
4 83
4 73
6 20
4 57
5 38
5 89
6 16
5 71
6 15
6 59
5 33
4 65
4 86
5 83
5 13
4 57
6 28
6 25
5 57
6 14
5 44
4 17
6 91
6 42
6 49
4 62
6 78
6 11
5 92
5 49
5 47
5 9
4 32
6 81
6 86
6 70
4 46
4 91
6 13
6 78
5 40
6 63
4 20
6 26
6 39
4 40
5 66
5 64
5 56
4 61
6 61
4 47
4 31
4 34
4 91
4 58
6 73
5 26
5 28
4 70
6 8
6 36
4 82
5 70
5 100
6 92
4 64
5 11
6 28
4 17
6 100
5 45
5 67
6 52
6 69
4 29
5 23
6 38
4 22
5 87
4 66
5 14
6 38
6 54
6 31
4 80
4 11
4 0
6 13
4 66
5 46
6 58
5 80
4 28
6 35
5 63
5 87
6 90
6 51
5 40
6 67
4 79
6 69
5 90
4 80
6 39
6 25
6 74
6 33
6 38
6 92
5 61
5 81
4 50
4 51
4 29
5 70
4 36
5 2
6 53
4 74
6 90
4 44
6 19
5 58
4 9
6 70
6 43
4 36
4 32
4 77
4 12
6 82
4 19
5 8
6 80
6 68
4 100
4 49
4 91
6 17
6 50
4 50
6 74
5 98
5 75
6 0
4 100
6 88
5 24
6 24
4 46
4 63
4 64
4 22
5 96
6 68
5 56
6 50
4 64
5 51
6 94
6 4
5 89
5 50
4 89
4 45
6 23
6 4
6 68
5 86
5 96
4 57
4 91
5 65
4 62
4 91
5 72
4 39
6 24
4 39
6 2
6 38
6 39
4 86
4 49
4 45
4 43
6 11
4 0
5 89
6 31
4 6
6 12
6 13
4 95
6 30
5 47
4 44
6 30
4 77
5 64
4 41
5 13
4 17
5 99
6 64
4 7
4 81
5 90
6 28
5 88
6 42
5 88
4 14
6 40
6 88
4 48
5 98
4 11
6 26
5 70
6 24
4 14
4 50
4 4
4 25
6 44
4 82
4 91
4 85
5 41
4 78
6 97
6 18
4 74
5 76
5 48
6 27
5 69
5 62
5 53
6 63
6 13
4 35
4 1
4 8
5 67
4 52
4 16
5 77
5 33
4 58
6 2
5 27
4 46
5 87
5 19
4 25
4 35
6 24
6 91
4 84
5 1
6 49
6 20
5 18
5 84
6 98
5 82
6 1
4 88
5 40
5 40
4 34
5 10
4 78
5 13
6 5
6 35
5 81
6 4
4 55
6 92
6 76
4 4
5 48
6 63
5 73
4 36
6 50
6 58
5 93
4 18
4 62
5 64
5 70
5 64
5 63
5 98
5 66
5 23
4 94
4 24
5 48
6 69
5 21
6 27
4 26
6 8
4 58
5 68
5 16
5 0
4 6
6 3
4 80
5 39
5 62
4 9
5 8
4 50
5 70
6 2
4 22
5 58
4 95
4 82
6 5
4 64
6 18
4 66
4 43
6 79
6 15
6 17
6 94
6 80
5 13
5 82
4 21
5 32
6 73
4 10
4 98
5 17
4 37
4 32
5 67
6 15
5 87
4 92
4 85
6 66
5 30
5 68
6 43
4 5
4 18
6 74
4 31
5 96
6 33
4 97
5 7
5 4
4 24
6 15
4 0
4 100
4 93
4 8
4 4
4 7
4 76
6 80
5 48
4 17
5 11
5 68
5 57
5 50
4 10
6 65
6 76
6 49
5 37
5 35
6 18
5 10
6 33
4 78
4 65
5 61
6 53
5 86
6 6
5 34
6 80
6 34
6 38
5 39
6 14
6 81
5 19
6 74
5 63
6 65
5 36
4 81
4 76
5 50
5 3
4 44
4 90
6 63
4 92
4 94
5 72
6 24
4 72
6 51
4 99
6 63
4 30
6 28
4 90
6 31
5 54
4 80
6 67
4 36
4 71
6 65
6 42
5 99
4 21
6 28
5 63
4 66
4 25
6 26
4 69
6 92
6 25
4 9
4 92
5 16
6 100
4 67
6 58
4 34
4 47
6 9
6 48
6 98
5 73
5 66
4 11
4 68
5 30
6 84
5 81
6 13
4 51
5 91
5 87
4 84
5 42
4 57
6 90
6 42
6 83
4 15
5 89
5 25
4 36
6 28
6 16
6 47
6 85
6 54
5 65
5 88
6 40
6 88
4 47
4 78
4 5
6 95
4 9
6 24
5 56
6 52
6 59
4 39
5 82
4 27
5 33
5 10
6 49
6 9
4 88
4 91
6 28
5 0
4 48
6 12
6 12
4 100
4 3
6 57
5 44
4 13
5 23
5 13
4 43
4 73
6 42
6 31
6 42
4 20
6 33
4 79
4 88
4 91
6 86
6 32
5 9
5 27
5 36
6 29
5 80
4 26
6 72
6 23
4 40
4 46
5 47
4 82
4 99
5 56
4 56
4 15
6 24
5 27
6 17
4 50
6 25
5 94
5 7
6 84
4 32
6 81
6 54
6 100
5 4
6 36
5 46
4 53
5 57
4 49
4 30
4 86
6 51
6 47
5 81
4 82
5 89
4 100
6 64
5 8
5 21
5 14
4 97
6 64
4 15
4 57
4 99
5 89
5 55
5 9
6 11
4 51
6 11
5 6
4 99
6 41
6 0
6 56
4 11
6 85
6 12
5 62
4 68
5 62
5 42
6 50
5 21
5 72
5 67
4 11
5 94
4 6
4 11
4 59
4 9
4 62
4 86
4 33
4 4
6 36
6 40
5 1
5 100
6 55
5 45
4 43
4 23
6 95
6 6
6 41
4 79
6 45
5 32
6 99
4 96
5 31
6 16
5 42
4 10
5 14
4 95
5 85
5 32
4 18
6 7
4 13
6 68
5 12
4 81
4 64
6 3
4 92
5 3
4 9
4 78
4 19
4 23
4 12
4 42
4 90
4 55
4 25
4 92
4 1
5 38
6 92
5 65
4 13
6 86
6 57
6 15
5 29
6 69
5 37
4 62
4 80
6 0
6 0
4 96
5 12
4 98
6 87
4 9
6 100
4 3
6 91
6 34
5 60
5 40
5 70
6 10
5 74
4 48
4 97
4 64
5 73
4 70
6 66
5 88
6 60
6 28
5 97
4 15
5 13
4 64
6 74
4 1
6 15
6 57
5 56
6 56
4 37
5 25
6 35
6 51
4 32
5 57
5 72
6 15
6 96
5 28
5 35
6 14
6 54
5 40
6 44
4 44
4 32
6 4
6 19
5 18
5 76
6 47
4 6
6 82
4 91
6 18
5 23
5 51
6 78
6 41
6 83
5 27
6 60
6 71
6 3
5 31
4 21
6 81
4 45
6 85
6 78
4 93
6 37
4 70
6 50
4 32
6 51
4 1
4 26
5 59
4 86
6 18
5 87
5 16
5 9
4 84
6 96
5 89
6 80
4 75
5 87
4 95
6 34
5 72
6 65
4 1
6 23
4 36
5 5
6 43
4 76
4 91
4 26
4 98
4 4
5 44
5 75
5 74
4 68
6 24
5 24
4 38
4 15
4 91
6 64
4 45
5 96
6 11
4 41
4 26
5 41
6 24
5 53
6 67
5 0
6 18
4 86
6 21
6 55
5 52
4 7
6 12
4 78
6 24
6 98
5 80
6 92
4 20
6 4
5 9
5 26
6 53
5 72
6 12
4 37
5 63
5 5
4 17
4 58
6 88
4 44
4 92
5 20
5 69
4 48
5 66
6 31
4 54
4 38
4 90
4 83
6 29
6 57
5 75
5 8
4 50
5 0
6 73
4 44
5 50
4 33
6 67
6 58
5 33
6 95
5 83
4 71
6 46
6 88
6 11
6 15
5 60
6 57
5 44
4 0
5 19
6 96
4 82
4 39
5 89
4 67
4 32
6 45
5 82
5 90
6 41
4 82
4 22
4 52
6 18
6 89
5 72
5 68
4 89
6 15
6 92
4 0
5 62
6 59
5 95
4 41
6 71
6 81
6 31
4 93
4 0
6 70
6 65
4 76
4 58
5 12
5 70
6 46
4 44
5 79
6 35
6 41
4 87
4 45
6 66
4 72
6 6
4 96
5 61
5 55
4 83
6 61
6 97
4 41
5 79
5 40
5 25
4 10
6 47
5 20
5 37
4 41
5 70
5 73
5 6
6 1
4 90
5 35
5 22
4 27
4 25
6 14
5 100
5 46
6 82
6 40
4 79
5 19
5 58
5 16
4 98
4 88
6 92
5 12
6 83
6 36
5 43
6 40
5 60
4 34
4 34
6 78
6 5
4 76
6 15
4 74
6 65
5 47
4 68
4 55
5 32
5 31
4 8
6 54
6 83
5 63
6 41
5 2
5 23
4 90
4 11
6 84
5 11
4 30
4 83
4 89
4 68
6 82
4 70
4 90
5 59
4 49
6 1
4 32
6 26
6 67
4 74
4 75
5 72
5 28
6 30
4 28
5 86
6 19
6 43
5 78
5 6
6 28
5 21
4 68
6 11
5 17
4 10
4 48
5 51
4 14
4 78
4 11
6 35
5 42
5 90
6 73
6 98
6 79
6 7
5 72
6 4
5 100
5 28
5 47
6 12
6 90
4 66
5 28
6 96
5 15
4 98
6 28
5 64
5 76
5 76
6 82
4 64
6 31
5 50
4 40
6 83
6 41
6 10
5 100
5 77
4 1
4 84
5 58
6 11
6 15
4 39
6 18
5 77
4 9
4 66
6 80
5 8
4 27
5 91
5 72
4 15
5 37
5 11
6 54
5 23
6 33
4 89
6 2
4 59
4 18
4 33
5 9
6 88
4 31
6 67
6 31
4 100
6 62
5 43
4 77
6 58
5 96
5 18
6 99
4 79
4 7
4 99
4 17
5 21
6 57
6 85
6 83
6 100
6 0
5 53
4 0
6 100
6 89
5 71
4 18
4 46
6 32
6 11
6 29
5 57
6 6
4 21
4 41
4 24
4 28
4 94
5 7
6 56
4 61
4 23
4 0
6 37
4 67
5 72
6 15
6 95
6 17
4 43
5 52
6 76
6 49
4 70
5 91
6 95
4 91
4 51
4 67
5 59
6 27
6 58
5 79
6 62
4 56
6 16
6 89
6 66
5 7
4 90
4 11
5 20
6 11
4 48
4 90
6 76
4 39
6 18
4 22
4 3
6 65
6 51
4 77
5 68
4 41
5 79
4 90
5 97
4 1
5 100
6 53
4 82
4 68
4 73
5 96
5 16
6 22
5 95
5 12
4 78
4 56
4 67
5 58
5 24
6 32
5 98
5 28
4 27
4 77
6 57
6 12
4 93
5 32
4 93
4 91
6 43
4 57
5 90
6 91
4 50
6 89
6 7
5 79
6 55
5 9
5 77
4 23
4 97
6 62
5 84
5 10
5 90
4 70
5 15
5 56
6 48
6 42
6 88
4 35
5 96
5 34
5 5
5 73
5 18
6 1
5 50
6 2
4 64
2767 8000 2275908
3 47
4 91
3 4
4 77
3 8
3 21
4 80
4 55
3 21
3 73
3 32
3 2
3 85
3 17
3 96
4 52
4 30
4 13
4 96
4 28
3 12
4 95
3 73
4 92
3 66
4 77
4 17
4 81
4 32
4 5
3 7
4 16
4 25
4 35
3 59
4 45
4 100
3 20
3 53
3 57
4 71
3 55
3 25
4 93
3 79
4 46
3 58
4 48
4 28
3 49
3 1
3 46
3 55
4 65
3 91
3 82
3 54
3 80
4 68
3 4
4 31
4 1
4 45
3 92
3 71
4 63
3 64
4 86
4 74
3 87
3 89
3 10
4 18
4 2
3 19
3 55
4 61
3 94
3 72
3 1
3 13
3 39
3 24
4 47
3 50
3 48
3 64
4 87
4 6
4 90
4 5
4 38
4 3
4 30
3 54
4 34
4 76
4 49
4 59
4 9
3 76
4 64
4 27
4 49
3 13
4 48
4 36
4 52
3 49
4 14
4 49
3 69
4 69
4 82
4 71
3 31
4 38
3 22
4 96
3 19
4 40
3 73
4 74
4 47
3 15
4 78
4 87
3 67
3 95
3 20
4 65
4 75
3 100
3 82
3 92
4 34
3 97
4 22
4 47
4 17
4 15
4 15
4 86
3 100
4 74
4 30
3 57
4 75
4 15
3 77
4 46
4 35
4 50
3 42
4 14
4 50
4 81
3 60
4 89
3 26
4 7
3 68
3 3
4 30
3 100
4 28
4 84
4 74
3 74
3 77
3 84
4 36
4 95
4 43
3 11
4 70
3 99
4 61
4 58
3 98
4 25
4 90
4 93
3 75
4 77
4 60
3 63
4 55
4 2
4 50
3 25
3 10
4 7
4 32
3 22
3 74
3 55
3 21
4 100
3 94
4 18
3 30
3 92
4 32
3 59
4 75
4 17
4 82
3 15
4 57
3 54
3 31
4 98
4 86
3 55
3 48
3 17
3 21
3 6
3 65
4 76
4 60
3 67
4 61
3 47
4 78
3 85
4 48
3 81
3 80
4 89
3 73
3 61
4 18
4 53
4 38
3 85
3 85
3 7
3 33
3 92
4 61
3 13
4 11
3 34
3 69
3 16
3 18
3 3
3 22
4 45
4 22
3 3
4 3
4 91
4 97
3 65
3 77
4 88
3 84
3 85
4 49
4 60
4 54
4 14
4 0
3 56
4 35
4 39
4 27
3 18
3 29
3 20
3 39
4 71
3 68
4 56
4 78
4 31
4 7
4 82
3 1
4 17
4 2
4 4
4 81
3 70
3 93
4 58
4 18
4 72
4 71
3 17
3 41
3 92
3 44
3 24
4 49
3 54
4 88
3 42
3 47
4 43
3 85
4 29
4 23
4 29
4 27
4 4
4 86
4 90
4 83
3 27
3 56
4 1
3 9
3 77
4 100
4 21
4 76
4 68
4 9
4 97
4 82
3 1
4 36
3 2
4 19
4 67
4 71
3 15
3 50
3 54
3 19
4 77
3 6
3 16
4 56
4 37
3 57
3 62
4 96
3 76
4 71
3 41
4 49
4 51
3 74
3 31
3 79
3 12
4 43
4 43
3 65
4 8
4 98
4 10
4 27
4 64
3 79
3 29
3 86
4 61
4 58
4 77
4 61
3 73
4 83
4 18
3 27
4 72
3 53
3 24
4 47
3 52
3 82
4 52
4 55
3 89
3 100
4 85
4 19
3 26
3 11
3 12
4 11
4 28
3 51
3 77
3 44
4 21
3 4
3 65
3 78
3 94
4 70
4 23
3 77
3 31
4 16
3 42
3 2
3 11
3 50
4 24
4 87
4 50
3 68
4 25
3 14
4 87
4 91
4 7
4 6
3 4
3 87
4 14
4 100
3 26
4 78
4 88
3 43
3 50
3 34
4 17
3 96
3 11
4 5
4 6
3 28
3 73
4 72
3 30
3 56
4 37
3 69
3 65
4 22
3 16
4 44
3 33
4 0
4 48
4 83
3 50
4 65
3 10
4 80
3 68
3 43
3 7
4 77
3 48
4 32
4 31
4 88
4 29
3 45
3 33
4 73
3 21
3 86
4 80
3 98
3 21
4 93
4 55
4 79
3 94
4 44
4 92
3 42
4 29
3 47
3 34
3 52
4 58
3 69
3 26
3 49
4 99
4 49
4 68
3 46
4 65
3 23
3 42
4 42
4 94
4 64
4 92
3 80
4 0
3 31
4 100
4 44
4 38
4 7
3 71
4 36
3 59
3 69
4 58
3 26
3 52
3 7
3 29
3 87
3 44
4 48
4 39
4 62
3 95
4 52
3 72
3 59
4 61
3 98
4 62
3 30
3 89
3 39
4 38
3 75
4 44
3 42
4 94
4 28
4 11
3 10
4 8
4 85
4 85
4 14
4 44
3 46
4 5
4 10
4 80
3 51
4 99
4 37
3 46
4 25
3 76
3 94
3 64
4 47
3 81
3 14
3 37
3 61
3 36
3 32
4 55
4 73
3 79
3 36
4 53
3 72
4 55
4 83
3 81
3 49
3 9
4 12
4 72
3 31
4 69
4 71
4 44
4 3
4 62
3 97
3 43
4 61
4 63
3 86
3 8
3 94
3 37
4 25
3 33
3 92
4 75
3 53
4 50
4 58
3 5
4 59
4 55
3 73
3 18
3 89
3 47
3 20
4 56
3 68
4 10
3 0
3 47
3 76
3 99
3 77
3 29
3 26
3 49
3 85
3 48
3 97
3 6
3 0
3 76
4 89
3 100
3 75
4 0
4 97
4 2
3 88
4 25
3 86
4 84
3 57
4 46
3 65
3 10
4 39
4 66
3 66
4 62
3 2
4 50
3 5
4 43
4 32
3 94
3 35
4 12
4 85
4 91
3 46
3 29
3 19
4 27
3 87
4 40
3 47
4 58
3 33
3 89
3 39
3 79
4 43
3 90
4 2
3 19
3 54
4 75
3 68
3 50
4 5
3 72
3 42
3 64
4 27
4 9
4 73
4 76
4 17
4 25
4 50
3 20
3 78
4 27
3 64
4 34
3 77
4 10
3 2
4 68
3 56
3 30
4 94
4 81
3 35
3 37
3 18
3 91
4 60
4 35
4 27
4 88
3 79
4 90
4 28
4 55
4 15
4 6
4 46
3 28
3 66
3 32
3 45
4 60
4 38
3 8
4 80
4 54
3 69
3 19
4 54
3 100
4 90
3 5
4 94
4 2
3 75
4 35
4 69
3 100
3 77
4 29
4 65
4 28
3 21
4 91
4 76
4 92
4 16
4 42
4 43
4 88
3 72
4 55
4 71
4 46
3 84
3 24
4 46
3 60
3 78
3 87
3 87
4 20
4 60
3 71
3 57
3 74
4 76
4 6
4 64
3 54
3 91
3 90
4 21
4 86
3 71
4 30
3 77
4 20
3 54
4 20
3 73
3 75
4 55
3 25
4 2
4 3
3 78
3 36
4 53
4 79
4 95
4 72
3 32
3 9
4 95
4 46
4 15
3 10
4 28
3 55
4 75
4 41
4 78
3 24
3 91
3 75
3 31
4 59
4 60
4 65
4 4
3 36
4 46
4 92
4 84
4 47
4 98
3 32
3 33
4 58
4 41
3 61
4 96
4 65
3 1
4 82
4 64
4 47
3 62
4 71
3 43
4 91
3 20
3 11
3 81
3 17
4 6
3 25
4 31
3 96
3 71
4 23
3 3
4 13
3 15
4 11
4 63
4 4
4 54
3 8
3 4
4 19
4 46
4 83
4 81
4 91
3 22
3 45
4 80
4 28
4 25
3 40
3 76
4 16
3 15
4 54
4 17
4 85
3 97
3 94
4 37
3 62
3 17
3 66
3 82
4 34
4 19
3 63
3 20
3 99
4 97
4 32
4 79
4 84
4 89
4 98
3 62
3 63
3 55
4 85
4 49
3 86
3 69
4 90
4 2
3 42
4 59
4 40
3 66
3 84
4 55
4 7
3 57
3 28
4 17
3 68
3 20
3 100
4 82
4 38
3 19
4 87
4 73
3 40
3 47
4 42
3 34
4 52
3 94
4 74
3 66
4 36
4 74
3 0
3 21
4 27
4 3
4 73
3 41
3 67
4 18
4 95
3 79
3 75
3 36
4 38
4 69
4 57
3 50
3 60
4 77
4 88
3 49
3 66
3 12
3 79
4 100
3 48
4 31
3 63
4 71
4 82
4 46
4 61
3 95
3 66
4 19
4 81
4 15
4 29
3 89
3 1
3 91
3 76
4 32
3 94
4 85
3 8
4 86
4 72
3 66
4 98
3 9
3 99
3 31
3 88
3 16
3 83
3 31
3 44
3 37
4 17
3 0
3 68
3 28
3 60
4 4
4 88
4 19
3 31
4 79
4 79
4 68
3 60
3 33
4 3
4 48
4 91
4 32
4 66
3 4
4 56
3 67
3 2
3 25
3 98
4 52
4 11
4 85
3 20
3 69
3 14
3 20
4 72
3 97
3 10
4 97
3 41
3 28
3 39
4 33
4 8
4 74
3 91
3 15
3 33
4 48
3 30
4 96
4 57
4 69
3 13
4 44
3 75
4 13
4 70
3 23
4 91
3 90
4 25
3 29
3 19
4 8
4 29
3 0
4 63
4 1
4 41
4 0
3 9
3 51
3 35
4 23
3 88
3 55
4 7
3 0
4 91
3 36
4 44
4 22
3 9
3 80
4 13
4 44
4 94
3 77
3 16
3 29
4 1
4 33
3 11
3 33
3 100
3 39
4 55
4 8
4 90
3 96
3 97
4 7
4 42
3 96
3 0
3 85
4 13
3 55
3 38
3 66
3 43
3 42
3 69
4 85
4 75
3 72
3 23
4 58
3 0
4 57
3 28
4 34
3 23
3 46
4 77
3 16
4 13
3 58
4 41
3 32
4 81
3 65
3 17
3 9
3 25
3 97
4 18
4 85
3 76
4 93
4 18
4 67
4 23
3 78
3 34
3 87
3 83
4 60
4 33
4 61
3 96
3 23
4 90
4 28
3 39
3 72
4 53
4 19
4 38
4 4
4 36
4 44
4 83
4 94
3 78
4 62
4 86
3 52
4 21
3 72
4 61
4 21
4 17
3 52
4 50
3 64
3 49
4 65
4 97
4 76
3 92
4 21
3 64
4 52
4 89
4 90
4 17
4 79
3 7
4 98
4 91
3 48
4 35
4 100
3 89
3 73
4 66
4 59
4 44
3 17
3 32
3 49
3 76
3 32
3 4
4 44
3 95
3 99
4 47
4 72
3 1
4 62
4 80
4 53
4 80
3 73
3 58
4 94
3 7
4 94
4 48
3 100
4 17
4 24
4 44
4 77
4 1
3 44
4 75
4 55
3 72
3 34
3 77
4 78
3 55
3 10
3 39
3 32
4 87
4 53
3 44
4 73
3 8
3 71
3 100
4 15
4 38
3 48
4 24
3 60
4 19
3 61
4 19
4 27
3 57
4 34
3 51
3 14
3 43
4 50
4 91
4 79
4 76
4 39
4 59
3 12
4 95
4 66
3 7
3 70
4 95
3 13
4 64
4 45
4 41
4 3
3 64
3 92
3 18
4 57
3 51
3 83
4 66
3 57
4 29
3 28
3 48
3 70
4 75
3 83
4 75
4 28
4 83
3 57
4 56
3 66
3 87
3 25
3 55
4 77
4 30
4 98
4 93
3 68
4 19
3 21
3 1
4 6
4 1
4 57
4 49
4 26
3 31
4 14
4 86
3 43
4 58
3 13
3 48
4 41
4 68
4 7
3 30
4 29
4 9
3 81
3 9
3 50
4 64
4 69
3 92
4 52
4 80
4 47
4 90
4 80
4 94
3 85
4 21
3 56
4 57
4 91
4 38
4 73
3 93
3 44
3 15
3 24
3 74
4 84
3 85
3 27
3 26
3 23
3 69
3 90
4 94
4 43
4 21
3 76
3 51
4 85
4 56
4 10
4 2
3 29
3 25
4 59
4 59
4 47
4 59
4 11
4 69
4 95
3 70
4 10
3 76
3 60
3 23
3 1
3 86
4 82
3 96
3 60
4 89
3 57
4 0
4 41
3 77
4 56
4 60
4 74
3 25
4 34
3 81
4 97
3 14
4 6
4 100
4 61
3 93
3 96
3 11
4 50
3 0
3 71
3 89
4 92
3 65
3 41
4 77
4 30
3 1
4 17
3 69
4 75
3 47
4 88
4 0
3 6
3 58
3 80
4 60
4 21
3 51
3 62
3 74
3 84
4 82
3 85
3 51
3 50
3 37
4 69
3 15
4 80
3 13
4 69
4 51
4 13
4 38
4 20
4 80
4 13
3 42
3 86
3 47
3 53
3 20
3 36
4 71
4 92
3 45
4 52
3 63
3 69
4 46
4 39
3 54
4 38
3 84
3 32
4 28
3 24
3 59
3 88
3 17
4 22
3 54
3 29
3 88
4 3
4 17
3 83
4 42
3 54
3 99
3 90
3 4
3 23
3 75
4 40
3 30
4 40
4 71
3 22
4 7
3 55
3 0
4 88
3 14
4 13
3 77
4 53
4 37
3 51
4 4
4 14
4 51
4 60
3 47
3 87
3 70
3 28
4 89
4 58
4 37
3 47
3 71
3 34
4 4
3 22
3 51
3 88
4 82
3 88
4 37
3 5
3 45
3 85
4 33
3 54
4 54
4 30
4 35
4 3
3 94
3 70
3 33
4 8
3 7
3 34
4 83
3 28
3 4
3 5
4 95
3 57
4 79
3 95
3 54
3 28
4 97
3 62
3 45
3 57
4 92
4 94
3 29
4 68
3 100
4 1
4 43
3 82
4 25
4 3
4 16
3 63
4 24
4 15
3 29
4 9
4 83
3 17
3 17
4 16
3 27
3 36
3 58
4 90
4 8
4 51
3 13
4 67
3 6
3 85
4 94
4 95
3 37
3 86
4 13
3 79
4 88
4 62
4 0
3 10
4 43
4 74
4 78
3 76
3 69
3 92
3 40
4 50
4 46
3 40
4 28
4 87
4 55
3 83
4 65
4 80
3 20
3 49
4 78
4 39
4 15
3 26
4 65
3 5
4 43
4 7
3 10
4 42
4 12
3 12
3 20
3 42
4 99
4 83
4 70
4 64
3 37
3 47
3 13
4 74
4 8
4 10
3 5
4 51
3 89
3 97
3 59
4 29
3 39
4 29
4 75
3 61
4 14
3 15
3 82
4 10
3 100
3 73
3 67
4 78
4 45
3 35
4 58
4 21
4 60
3 47
4 28
3 7
4 43
4 2
3 70
4 69
3 15
3 33
3 26
3 25
3 2
4 9
4 37
3 12
4 22
4 28
4 18
3 57
4 79
4 46
3 44
3 13
3 47
3 28
4 3
4 95
4 68
4 17
4 92
3 60
4 9
3 25
3 88
4 11
4 12
4 95
3 50
4 70
4 84
3 11
4 36
3 64
3 43
3 87
4 29
3 88
4 56
3 93
3 0
3 13
4 44
4 51
3 95
4 9
4 99
4 79
4 92
4 48
3 17
3 23
4 100
4 17
3 88
4 17
3 89
3 16
4 25
3 6
4 48
3 71
4 63
3 14
4 16
3 89
4 62
4 73
4 44
4 49
4 16
3 20
4 21
3 67
3 0
4 96
4 75
3 31
4 88
4 81
4 89
3 42
3 49
4 33
3 56
3 12
3 93
3 5
4 59
3 65
4 0
4 62
4 55
4 35
3 78
3 11
3 38
3 49
3 40
3 15
4 51
3 93
3 50
3 20
3 82
4 31
4 31
4 94
3 85
4 2
4 47
3 10
4 68
4 32
3 17
4 94
4 49
3 88
3 52
4 84
4 27
4 66
4 26
4 12
4 88
3 75
3 12
4 54
3 73
3 5
3 59
4 57
3 71
3 83
4 28
4 86
3 58
4 80
4 64
4 79
3 100
4 41
4 36
4 37
4 43
3 19
3 33
3 5
4 66
4 100
4 53
3 67
4 76
3 56
4 31
3 80
4 94
4 10
3 39
3 57
4 76
3 50
3 82
3 92
3 8
4 4
4 35
3 22
3 17
3 17
3 29
4 5
4 38
3 44
4 14
3 24
3 69
4 26
4 97
4 90
4 97
3 74
3 96
3 90
4 62
3 69
3 19
4 59
4 99
4 62
4 43
3 53
4 88
4 84
4 2
4 74
3 52
3 92
3 7
4 50
3 89
3 44
4 60
3 67
4 38
3 37
4 23
3 42
4 84
3 83
3 100
4 62
4 53
4 73
4 73
3 69
3 40
3 84
4 86
3 91
4 94
4 62
3 17
4 71
4 92
4 55
4 41
3 14
4 100
4 32
4 87
4 39
4 55
4 10
3 43
3 54
3 62
4 66
3 20
4 92
4 11
4 46
4 92
3 0
3 23
4 31
3 57
4 40
4 27
4 24
4 69
3 22
3 96
4 63
3 54
4 25
3 86
3 61
4 59
4 36
3 51
3 39
4 53
4 84
4 6
4 59
4 17
4 7
4 97
3 14
4 27
3 78
3 5
4 76
4 17
3 7
4 34
3 5
4 17
4 74
4 61
4 97
4 73
4 64
3 17
4 91
4 92
4 67
3 3
4 39
3 31
3 23
4 81
3 97
4 25
4 6
3 49
3 58
4 72
4 96
3 27
3 94
4 70
3 78
4 71
3 72
4 27
3 36
4 87
3 3
4 13
3 93
3 34
3 96
4 35
3 54
3 63
3 95
4 84
4 2
3 23
3 62
4 88
4 32
3 31
3 100
3 15
3 61
4 54
4 15
3 27
4 38
3 32
3 16
3 72
3 46
3 89
3 27
3 96
4 67
4 1
4 36
4 19
3 14
4 26
4 58
3 66
3 85
3 96
4 2
4 61
3 71
3 100
3 95
3 25
3 25
4 5
3 56
3 77
4 61
4 92
3 28
4 15
3 48
4 99
4 52
4 30
4 81
4 2
4 35
3 45
3 7
4 84
4 77
4 57
3 86
3 75
4 23
3 38
4 91
4 68
4 76
3 94
4 68
3 10
3 51
3 79
4 46
3 61
4 95
4 16
4 38
4 30
4 22
3 64
4 48
4 36
4 58
4 12
4 99
4 92
3 76
4 37
3 55
3 56
4 98
3 6
3 60
4 30
3 66
4 94
4 72
4 27
3 2
3 90
3 87
3 67
3 43
3 77
3 91
4 13
3 79
4 95
4 87
4 7
3 61
3 21
3 4
3 45
4 74
3 8
3 7
3 63
4 17
4 73
3 66
3 60
4 57
3 92
4 42
3 75
4 74
3 66
4 87
3 30
4 99
4 47
4 93
3 1
4 65
3 56
3 85
4 41
4 44
3 46
3 30
4 30
4 74
4 11
3 68
4 91
4 95
3 26
3 58
3 16
4 15
4 21
3 86
4 69
4 17
3 88
3 73
3 15
4 52
4 9
3 100
3 46
3 67
4 42
4 4
3 47
4 10
4 71
4 41
4 3
4 68
4 0
3 35
3 50
3 45
4 77
4 26
3 44
4 50
3 8
3 10
3 24
3 60
3 93
4 36
3 55
4 74
3 56
3 52
4 96
4 2
4 1
4 23
3 82
4 98
4 95
3 61
4 10
4 84
3 35
3 69
4 97
4 28
3 5
3 41
3 34
4 69
3 17
3 19
3 83
4 65
4 77
3 81
3 83
3 30
4 64
4 48
3 13
3 2
3 75
3 55
4 33
3 36
3 41
3 85
3 69
3 72
3 94
4 86
4 95
4 90
4 30
4 76
4 42
4 20
4 77
4 55
3 12
4 19
3 77
4 57
3 71
4 43
4 75
4 53
4 49
3 82
3 68
3 59
4 77
3 20
3 18
3 74
3 14
4 84
4 50
3 65
4 32
4 37
4 86
3 97
3 57
3 74
4 10
3 77
4 31
3 78
3 56
3 60
3 98
4 37
4 69
3 70
4 34
4 73
4 39
3 67
4 45
4 35
3 95
3 22
3 38
3 61
3 29
3 78
4 56
3 57
4 51
4 93
3 4
3 24
3 85
4 39
4 8
4 1
3 99
3 68
3 14
4 58
4 79
4 66
3 55
3 9
3 70
4 27
3 76
4 47
4 19
4 74
3 86
3 45
4 39
4 47
3 32
4 74
3 50
3 53
3 91
3 31
4 68
4 59
3 56
4 13
3 31
3 19
3 72
3 59
4 70
4 68
3 16
4 32
4 51
4 96
3 68
3 71
3 74
4 25
4 0
3 71
4 10
4 31
4 83
3 49
4 89
3 65
4 49
4 65
3 1
4 10
4 12
4 3
3 4
4 62
3 91
4 72
3 11
3 28
3 42
4 54
4 29
4 57
3 92
3 18
3 37
4 41
3 64
3 24
3 93
3 58
3 92
4 82
4 24
4 89
3 59
3 29
3 35
4 48
3 42
3 60
3 96
4 57
3 88
3 47
4 49
4 1
4 52
4 89
3 23
4 49
3 42
3 18
3 62
3 69
4 79
3 62
3 8
3 32
3 82
3 54
4 11
3 15
4 12
4 47
4 16
3 23
4 24
3 43
4 82
4 53
4 39
4 24
3 72
3 2
3 37
4 68
3 63
4 20
3 81
3 6
3 49
3 54
3 24
3 89
4 54
4 46
4 90
3 7
3 65
4 67
3 9
3 28
4 74
3 6
4 24
3 10
4 55
4 89
4 80
4 53
3 65
4 59
3 64
3 37
3 83
3 100
4 62
3 0
4 32
4 42
3 55
4 59
4 1
3 35
4 88
3 95
4 26
3 86
4 26
4 61
4 78
3 8
4 21
4 16
3 24
4 47
3 19
3 22
4 79
4 23
4 38
4 44
4 29
4 96
4 82
4 74
4 99
3 5
3 0
3 100
4 84
3 4
3 22
3 78
3 18
4 85
4 84
3 72
4 6
3 62
4 98
4 77
4 25
3 5
4 38
4 59
4 100
4 95
3 52
4 99
4 91
4 65
4 70
3 72
3 47
3 24
3 44
4 31
4 63
4 32
3 60
4 62
3 34
3 88
3 87
4 35
4 78
3 78
4 88
3 100
3 53
3 30
3 74
4 93
4 50
3 9
4 88
3 2
4 72
3 51
3 5
4 30
4 62
4 46
4 35
4 12
3 72
4 59
3 9
3 81
4 76
3 39
4 59
4 29
4 43
3 90
4 71
3 82
3 3
3 28
4 39
3 38
3 20
3 71
4 92
4 95
4 97
3 20
4 60
4 14
4 96
4 79
4 41
3 40
4 61
3 32
4 85
4 37
4 40
4 89
3 16
3 13
3 21
4 46
4 73
3 62
3 50
3 91
3 32
4 77
4 78
4 11
3 0
3 3
3 18
4 46
3 69
3 88
3 59
4 11
4 81
3 40
3 2
4 77
4 37
3 13
4 27
4 38
4 19
3 96
4 92
4 43
3 24
4 5
3 40
3 61
4 41
4 70
4 58
4 48
3 99
4 36
3 1
3 40
3 8
4 97
3 29
3 21
4 14
4 37
3 83
4 47
4 88
3 13
4 79
4 23
3 56
3 42
4 67
4 10
4 88
4 92
4 52
4 38
3 24
4 96
3 45
4 55
4 0
3 90
4 75
3 21
3 47
3 35
3 39
3 48
3 91
4 18
4 19
3 79
3 35
3 55
3 63
3 38
3 80
4 6
3 29
3 75
3 16
3 28
4 93
3 12
4 2
3 13
4 74
4 44
4 35
3 98
3 89
4 96
3 66
4 100
4 93
3 12
3 90
3 13
4 53
4 33
3 23
3 78
3 33
4 98
3 93
3 88
3 45
4 27
4 43
3 73
3 28
3 33
4 52
4 55
4 80
4 32
3 64
4 74
4 26
3 20
3 6
4 28
3 71
3 61
4 52
4 17
4 85
3 85
3 36
3 63
4 34
4 67
4 4
4 28
4 7
3 17
3 27
4 6
4 55
3 84
3 63
4 70
4 75
4 97
3 30
3 11
4 65
3 98
4 16
4 42
3 46
3 69
3 19
3 24
4 71
3 24
3 2
4 66
3 98
3 35
4 63
4 13
4 68
3 22
4 67
4 62
3 60
4 55
3 80
3 74
4 3
3 20
4 34
4 63
4 62
4 3
4 4
4 89
3 95
4 42
3 5
4 74
3 76
4 13
4 98
4 80
4 49
4 86
4 92
4 18
4 74
3 99
3 85
3 62
4 10
3 12
3 39
4 100
3 25
3 91
4 7
3 80
3 53
3 66
3 26
4 14
4 11
3 36
4 91
3 98
4 16
4 44
3 59
3 8
3 37
4 43
3 8
3 38
3 7
3 94
3 69
3 29
4 13
3 74
3 20
3 9
4 23
4 51
3 40
3 22
3 95
3 94
4 29
3 70
3 88
4 94
3 78
3 66
4 56
4 35
3 42
3 33
4 87
4 72
4 53
3 80
3 23
4 91
4 41
3 56
3 17
4 75
3 46
2877 8000 5644322
4 86
4 8
4 54
4 66
4 22
3 23
4 11
3 35
3 25
4 29
4 77
3 97
3 98
3 17
3 22
3 69
4 97
3 93
3 90
3 90
4 92
3 92
3 7
4 46
4 52
3 63
3 48
3 98
4 44
3 56
3 72
3 31
4 82
3 31
4 66
4 61
4 92
4 52
3 50
3 35
4 1
3 3
3 85
4 62
4 89
4 26
4 76
3 67
3 0
4 66
4 91
4 39
3 68
4 9
3 94
4 81
3 40
3 93
4 29
4 67
3 40
4 12
3 43
4 40
3 10
3 93
3 37
4 69
3 28
4 60
4 37
3 58
3 38
3 31
4 78
4 35
3 48
4 38
4 71
3 68
4 14
4 38
4 45
3 16
4 94
3 27
4 43
3 8
3 54
4 27
3 88
4 99
3 76
4 19
4 60
3 49
3 10
4 5
4 79
4 37
3 73
3 88
3 69
3 92
4 90
4 6
4 7
3 44
3 72
4 48
4 96
4 81
3 73
4 83
3 47
4 16
3 56
3 69
3 68
4 45
4 6
4 81
4 11
4 57
4 78
3 23
3 15
3 60
3 43
4 75
4 47
4 93
3 46
3 36
4 79
3 59
3 47
4 57
3 69
4 71
4 28
4 3
4 39
3 53
4 19
4 20
4 79
4 38
3 81
3 1
4 90
4 4
4 4
4 72
3 6
3 5
4 83
4 66
3 90
3 19
3 45
4 58
4 13
4 50
3 96
3 10
4 40
4 83
4 50
3 90
3 82
4 32
3 26
4 91
3 15
4 60
3 14
3 7
3 68
4 14
3 6
3 60
3 85
4 80
3 82
4 91
3 14
3 99
4 16
4 10
3 76
3 14
4 50
3 11
4 58
4 32
3 61
3 41
4 53
4 2
3 93
4 67
4 100
4 18
3 30
4 15
4 98
3 82
3 21
3 46
3 32
3 62
4 33
3 71
3 13
3 93
3 41
4 30
3 41
3 67
4 35
3 66
4 25
3 78
4 10
3 44
4 54
3 76
3 56
4 33
4 68
4 42
4 16
3 17
4 88
3 59
4 57
4 22
4 75
3 13
3 28
4 86
4 91
3 81
3 16
4 55
4 12
3 81
4 28
3 91
3 79
4 70
4 0
4 7
3 3
4 50
4 74
3 15
4 78
3 21
3 7
4 97
3 42
3 14
4 18
4 99
4 1
3 82
3 24
3 83
3 84
3 84
3 28
3 80
3 99
4 95
3 13
4 96
3 43
4 56
3 12
3 31
4 63
3 26
4 55
3 3
3 40
4 99
3 33
4 59
3 38
3 99
3 90
4 44
4 62
4 20
4 52
4 70
4 75
3 84
3 100
4 53
4 95
4 59
4 22
4 9
3 76
3 32
4 73
4 72
4 37
4 47
3 86
3 93
3 52
4 95
4 61
4 68
4 94
4 98
4 60
4 55
3 90
4 72
4 94
3 49
3 94
4 41
3 11
3 24
4 51
3 20
3 81
4 18
3 2
3 4
4 44
4 57
4 5
4 91
4 53
3 73
3 38
3 31
3 23
4 26
4 5
4 41
4 18
3 46
3 40
3 86
4 88
3 90
3 42
3 59
3 93
4 4
4 62
4 19
3 95
4 48
4 97
4 25
4 80
3 6
3 20
3 31
3 70
3 85
3 33
3 3
4 86
3 69
4 35
4 38
3 20
3 72
4 30
4 7
4 95
4 65
4 78
4 10
4 40
3 18
3 56
3 42
3 37
3 27
4 33
3 46
4 44
4 65
4 32
3 66
4 56
4 42
3 59
3 60
3 3
4 7
3 39
3 40
4 100
4 89
4 99
4 34
4 90
4 20
4 45
4 47
3 81
3 13
4 39
4 22
3 71
4 94
4 54
4 68
4 37
4 5
4 67
3 71
3 47
3 38
3 10
3 91
3 62
4 52
3 36
4 68
3 82
4 2
3 5
4 85
3 38
3 52
3 29
4 35
4 27
3 96
4 3
4 29
4 69
3 48
4 85
3 0
3 99
3 44
3 65
4 55
4 25
3 43
4 8
3 16
3 100
3 64
4 79
3 32
3 6
3 43
4 36
4 41
3 56
3 83
3 13
3 99
3 78
3 77
4 60
3 46
4 16
4 80
4 22
3 27
3 66
4 14
3 82
3 95
3 37
3 62
3 99
3 15
3 50
4 88
4 44
3 35
3 76
4 75
3 100
4 100
4 59
3 66
3 16
3 0
3 19
4 45
4 47
4 90
4 78
4 8
4 24
3 27
3 25
3 99
3 87
3 4
4 99
4 24
3 54
4 10
4 74
4 91
4 46
3 56
3 3
4 43
3 19
4 71
3 64
3 57
4 2
3 43
3 72
4 70
4 13
3 57
3 55
3 25
3 87
3 95
4 15
4 81
4 99
3 77
3 27
3 53
3 1
4 63
3 53
4 50
4 78
4 92
4 95
4 5
4 72
4 16
4 29
3 31
3 95
3 98
4 72
3 76
4 55
4 28
3 75
3 51
3 94
3 83
3 45
4 46
4 100
4 28
4 95
3 41
3 16
4 21
4 48
3 69
3 9
3 95
3 98
4 75
3 12
3 83
3 5
4 11
3 18
3 17
4 75
4 66
3 44
3 34
3 60
3 84
3 76
3 39
3 32
3 19
3 64
3 39
3 70
3 48
3 57
3 75
4 58
4 66
3 57
3 9
4 12
3 45
3 30
4 53
3 12
4 81
3 23
4 34
3 18
3 35
3 91
3 38
3 69
3 12
3 0
3 51
3 1
3 54
3 28
4 64
3 36
4 10
4 72
4 11
4 39
4 40
4 62
4 80
4 10
3 14
3 100
3 62
4 12
4 20
4 78
4 68
4 24
4 12
3 1
4 88
3 14
3 82
3 5
3 47
3 44
4 66
4 92
3 4
4 79
3 28
4 60
3 24
4 56
3 47
4 7
3 79
4 74
4 19
4 12
4 77
3 53
4 29
4 81
3 6
4 18
3 21
4 16
4 86
4 91
4 60
3 97
4 8
4 13
3 48
3 18
3 35
4 54
3 60
3 11
3 93
3 38
4 55
4 17
4 80
3 17
3 15
4 75
4 27
4 68
4 96
3 64
3 29
3 49
3 69
3 83
3 41
3 1
3 85
4 50
3 68
4 18
3 58
4 53
3 39
3 75
4 6
3 53
4 89
3 5
4 63
4 69
4 47
3 62
3 80
4 95
3 9
3 0
4 97
4 98
3 37
4 26
3 35
3 66
4 12
4 15
4 59
3 72
3 73
4 20
4 76
4 45
3 31
4 94
3 100
4 21
3 14
3 86
3 41
3 79
3 53
4 12
4 51
4 24
4 81
4 65
4 87
4 65
4 52
4 66
4 18
4 63
3 93
4 75
3 46
4 79
3 59
3 35
3 79
4 12
4 80
4 16
4 100
4 52
3 14
3 25
4 92
4 5
4 61
3 5
4 74
3 29
3 45
4 67
3 26
3 48
4 81
4 51
4 49
3 33
4 10
4 25
4 68
4 33
4 16
3 55
3 57
3 70
4 56
4 58
4 65
3 17
4 86
3 98
4 7
4 35
4 99
4 36
3 86
4 23
4 24
3 4
4 24
4 78
4 50
4 99
4 4
4 97
4 10
4 44
4 34
3 71
4 48
4 28
3 79
4 3
3 81
4 25
3 72
3 95
4 63
3 14
4 2
4 56
4 98
4 59
3 6
3 24
3 93
4 22
3 52
3 91
3 8
4 64
4 5
3 40
3 69
3 49
4 45
4 14
3 96
4 91
3 4
4 44
3 72
3 95
4 56
4 81
4 56
4 55
3 76
4 61
3 30
4 8
4 57
3 12
3 35
4 13
3 90
3 68
3 18
3 49
3 8
3 61
4 17
3 14
4 37
3 93
4 19
3 41
4 32
4 90
3 14
3 57
4 63
4 17
3 61
3 92
4 49
3 27
3 99
4 88
4 78
4 97
3 71
4 62
3 2
3 72
4 18
4 53
4 9
4 33
4 23
3 94
4 43
4 33
3 27
3 82
3 57
3 48
3 16
4 0
3 81
3 40
3 80
4 69
3 20
3 54
4 81
4 68
3 63
3 10
4 63
3 3
4 3
4 42
3 49
4 86
4 7
4 12
3 66
3 7
4 66
3 88
4 17
3 27
3 72
4 52
3 60
4 57
3 25
3 84
4 79
4 89
4 64
4 89
3 40
3 88
3 9
3 2
3 21
3 85
3 20
4 76
4 36
3 34
3 87
3 76
3 54
4 11
4 1
3 83
3 10
3 94
4 85
4 7
3 20
4 3
4 49
3 80
3 47
3 8
3 25
3 19
3 61
3 20
4 69
4 14
4 33
4 38
3 74
3 96
4 100
3 5
3 58
3 0
3 90
4 10
3 63
4 82
4 31
4 100
3 95
4 54
4 35
4 24
3 95
4 9
4 59
3 41
4 65
4 82
4 80
3 56
3 24
4 21
4 17
3 32
3 53
4 35
4 86
3 43
3 10
4 93
3 50
4 36
3 99
3 31
3 25
4 3
3 94
3 40
4 11
4 92
4 68
3 52
4 75
4 79
4 95
3 94
4 71
4 51
3 58
4 84
4 9
4 96
4 35
4 66
4 96
4 22
4 0
4 59
4 76
3 54
4 64
4 12
3 36
4 91
3 14
3 24
3 7
4 18
4 84
4 97
3 65
4 0
4 63
3 92
3 21
3 8
3 22
3 81
3 33
3 77
4 99
4 6
4 100
4 78
3 81
3 45
3 24
3 20
4 33
3 89
4 29
4 43
3 96
4 86
4 12
4 25
4 59
4 22
3 19
4 16
3 44
4 10
3 42
3 15
3 81
3 96
4 96
4 82
4 52
4 21
3 15
3 0
3 13
4 71
3 20
3 90
3 82
4 14
4 88
3 33
4 53
4 58
3 88
4 95
4 99
4 50
3 68
3 10
3 2
4 91
3 24
4 27
3 50
3 42
4 82
3 34
4 39
4 76
3 37
3 80
3 79
4 94
4 87
3 55
4 85
3 60
3 76
3 76
3 20
4 70
4 61
4 23
3 76
3 88
4 3
4 39
4 37
4 10
4 68
3 96
4 74
3 15
4 6
4 78
3 17
3 71
3 68
4 18
4 85
3 91
4 21
4 55
4 5
4 25
3 24
3 92
3 83
4 34
4 22
3 0
4 13
4 31
4 4
4 76
4 49
4 9
4 70
3 10
4 57
3 83
3 56
4 62
4 4
3 10
3 31
4 10
3 77
3 79
3 55
3 80
4 17
4 52
4 97
4 14
4 29
4 84
4 81
4 67
4 86
3 83
4 42
4 15
4 33
4 89
4 65
4 43
3 19
4 91
4 13
4 63
4 56
3 78
3 75
3 11
4 29
4 2
4 89
3 5
4 60
4 24
3 79
4 16
3 69
4 70
4 33
4 84
3 45
4 73
3 16
4 98
4 35
3 91
4 31
4 90
3 22
4 19
3 46
4 51
3 90
3 49
4 51
4 49
3 99
4 22
3 45
3 50
4 86
4 79
3 7
4 21
3 22
3 68
4 4
4 13
4 29
3 60
4 48
3 86
4 63
3 45
4 100
3 75
3 47
4 0
4 3
3 1
4 55
3 29
4 28
3 12
4 15
4 49
4 55
3 80
3 26
3 54
3 70
3 12
3 74
3 47
3 50
4 44
3 23
3 43
3 15
3 26
3 77
4 61
4 75
4 95
3 24
4 84
4 0
3 62
3 94
4 86
3 29
3 26
4 92
4 10
3 15
3 55
4 13
3 33
3 39
3 3
3 40
3 48
4 38
3 39
4 59
3 37
4 60
3 57
3 6
3 45
3 69
4 12
4 95
3 54
3 80
4 71
3 93
3 23
3 29
4 99
3 35
3 69
3 53
4 7
3 59
4 81
3 80
3 8
4 43
3 83
4 95
3 76
4 67
4 6
4 74
4 13
4 48
4 55
3 49
3 66
3 74
3 44
3 6
4 46
4 48
4 49
3 28
3 34
4 100
3 3
3 97
4 0
4 19
4 31
4 16
3 55
4 44
4 5
4 95
4 10
3 81
4 22
3 82
3 77
3 7
4 19
4 10
4 62
4 75
3 27
4 32
3 99
4 24
3 55
3 9
4 82
4 39
3 54
4 41
4 84
4 89
3 28
4 89
4 25
3 69
3 99
4 9
4 60
4 47
4 63
3 15
3 34
4 71
3 8
4 25
4 41
4 33
3 57
4 9
4 46
3 26
3 45
3 74
3 80
4 72
4 48
3 8
3 73
3 75
4 9
4 51
3 10
3 57
3 81
4 33
4 2
4 98
4 26
3 60
4 94
4 43
4 74
3 64
4 43
4 13
4 92
4 96
4 9
4 28
4 21
4 81
3 19
4 93
4 91
3 36
3 52
4 49
4 18
3 77
3 23
3 76
4 76
4 34
3 3
4 33
4 66
3 43
3 25
3 99
4 44
4 67
3 60
4 78
4 19
3 63
4 9
3 38
4 1
3 43
4 87
4 35
4 25
3 98
4 92
3 42
3 40
3 61
3 58
4 90
4 62
4 10
4 60
3 21
3 45
3 9
3 58
3 50
4 14
4 15
3 29
4 87
4 2
3 20
3 51
3 99
3 64
3 70
4 36
4 11
3 26
4 62
4 67
4 42
4 100
3 60
3 92
4 65
3 46
4 88
3 12
4 32
4 73
4 61
3 69
3 4
3 90
4 21
3 60
3 96
3 7
4 6
4 11
3 12
3 39
3 24
3 66
4 8
4 65
4 91
4 52
4 9
4 65
4 16
4 79
3 11
4 66
4 64
4 54
3 100
3 48
3 69
4 33
3 17
4 22
3 76
3 31
3 20
3 34
4 91
3 66
3 9
4 61
4 24
3 40
4 59
4 57
4 55
3 35
3 96
3 37
4 58
4 16
3 86
3 20
4 71
4 25
3 74
4 94
4 17
4 32
4 5
3 47
4 16
3 15
3 42
4 83
4 79
4 3
3 14
3 13
4 45
4 34
3 8
4 94
4 20
4 89
3 25
4 59
3 98
3 21
4 80
4 90
4 85
4 47
4 89
4 39
4 60
4 33
3 0
4 20
3 61
3 87
3 74
4 34
4 21
4 36
4 98
3 34
4 66
3 33
4 34
4 17
4 36
3 60
4 38
3 78
3 1
3 51
3 91
3 64
3 28
3 24
4 35
4 87
3 87
3 46
4 59
3 27
3 20
4 15
4 4
4 20
4 12
3 41
4 82
3 5
4 90
3 23
4 37
4 57
4 69
4 72
3 56
3 66
4 69
3 0
3 15
4 71
3 69
3 78
4 80
3 8
3 75
4 28
4 25
4 87
4 94
4 65
4 19
4 72
4 8
3 31
3 77
4 17
4 37
4 30
4 42
3 68
4 72
4 27
3 12
4 50
3 33
4 51
4 20
4 7
4 7
3 14
3 15
4 61
3 3
3 58
4 82
3 35
4 17
4 72
3 30
4 44
3 60
4 75
3 79
3 97
3 76
4 35
4 81
3 19
4 59
3 97
4 19
4 81
3 98
4 10
4 45
3 0
4 45
4 100
3 25
3 89
3 47
3 90
3 37
4 80
3 48
4 54
4 80
3 74
3 39
3 60
3 53
4 58
4 94
3 66
3 64
4 2
3 47
4 85
4 22
4 45
3 72
4 88
3 95
4 40
3 79
3 35
3 3
4 15
4 78
4 87
4 69
3 67
4 21
4 36
3 5
4 98
3 37
4 55
3 11
3 69
4 94
3 53
4 87
3 82
4 86
4 82
3 72
4 6
4 11
4 46
4 38
3 36
3 67
4 3
4 71
4 7
3 88
3 23
4 28
3 9
4 82
3 30
3 34
4 78
4 96
4 20
4 47
4 54
4 74
4 48
3 47
4 51
3 20
4 12
3 17
4 10
4 89
4 54
4 54
3 34
3 78
3 69
3 2
4 5
3 80
3 89
4 67
3 73
4 100
4 63
4 49
3 58
3 24
4 25
4 20
4 58
4 36
3 59
3 58
4 36
3 35
3 20
4 10
3 30
4 43
3 10
3 7
3 70
4 27
3 11
4 33
4 23
3 91
4 36
3 42
4 21
3 54
4 33
4 86
4 69
3 26
4 18
3 22
3 5
4 89
4 89
4 50
4 93
4 3
4 36
4 64
4 79
4 72
3 99
4 15
4 30
3 69
3 73
4 75
4 63
3 84
4 10
3 12
3 12
3 52
4 33
3 91
3 12
4 67
4 54
3 68
4 38
4 48
3 20
3 74
4 81
4 55
3 55
3 96
4 68
4 76
4 30
4 66
4 20
4 32
4 50
4 46
3 66
4 52
4 18
4 27
3 20
4 83
4 60
4 61
4 89
3 17
3 86
3 61
4 5
3 59
4 33
4 73
3 46
4 0
4 36
4 97
3 79
4 99
4 27
4 30
3 3
4 9
4 10
3 9
4 91
4 39
3 77
4 43
4 34
3 77
3 90
4 74
4 15
4 57
3 12
3 64
4 40
4 35
4 49
4 39
3 10
3 84
3 25
3 12
3 61
4 0
4 10
4 99
4 57
3 7
3 82
4 73
4 3
3 83
3 100
3 89
3 43
3 6
3 47
4 34
4 99
4 71
3 30
4 44
4 7
3 78
4 68
3 80
4 2
3 81
3 91
3 93
3 43
4 91
4 6
3 23
4 66
4 18
3 56
4 32
4 39
3 15
4 68
4 56
3 15
4 99
3 2
4 88
3 96
4 72
4 73
3 88
4 86
3 42
4 39
4 42
3 29
3 44
4 32
3 80
3 80
4 31
3 14
3 87
4 49
3 66
3 45
4 7
3 35
4 72
4 39
3 98
4 33
3 83
3 38
4 19
4 76
4 90
3 99
3 80
4 28
4 43
3 48
3 47
4 91
4 94
3 61
3 75
3 10
4 51
4 13
3 59
4 10
3 84
4 64
3 91
3 97
3 86
3 81
3 80
4 5
3 73
4 52
3 5
3 11
4 37
4 28
3 9
3 7
3 5
4 37
3 17
3 98
3 19
3 3
3 98
3 27
4 45
4 48
4 58
3 10
3 31
4 59
4 32
3 83
4 15
4 3
3 54
4 57
4 61
4 78
3 8
4 71
3 97
3 20
4 20
3 92
3 52
4 27
3 70
3 30
4 15
3 51
3 10
3 40
4 25
3 90
3 61
3 94
3 93
4 62
3 30
3 92
3 22
4 83
3 29
4 18
3 28
3 28
3 69
3 55
4 26
4 53
3 52
3 6
3 58
4 69
3 95
3 50
3 38
4 99
3 90
4 73
4 49
3 71
4 70
4 7
4 50
4 41
4 65
4 69
4 15
3 98
3 29
4 36
4 20
3 2
3 88
3 87
3 18
4 3
4 97
4 86
3 34
4 99
4 78
4 71
3 65
4 37
3 36
3 0
3 10
4 20
3 82
3 58
4 59
3 53
3 61
3 11
4 4
4 37
4 7
4 0
3 47
3 64
4 87
3 73
3 4
3 23
4 32
4 4
4 22
3 60
4 71
4 52
4 10
4 28
4 85
3 84
3 90
4 54
3 57
4 96
4 40
3 66
4 75
4 79
4 94
3 70
4 36
4 98
3 16
3 52
3 20
3 34
3 94
3 33
4 68
3 46
4 30
4 11
3 44
4 57
3 36
4 52
4 66
4 53
4 86
4 93
4 14
4 66
3 97
4 67
4 22
4 80
4 100
4 73
3 53
4 95
3 8
3 80
4 4
4 19
3 8
4 6
4 7
3 86
4 19
3 93
4 27
4 65
4 100
4 26
3 54
4 80
4 4
4 39
3 3
4 68
4 32
4 63
3 52
4 23
3 47
3 70
3 43
3 26
3 20
3 98
3 57
3 45
4 73
3 44
4 29
4 29
3 37
4 0
3 24
4 87
3 19
3 24
4 21
4 91
4 85
4 52
4 6
3 63
4 50
3 66
3 0
4 79
4 37
3 88
4 93
4 85
4 29
4 62
4 58
4 59
4 16
4 81
4 51
4 61
4 83
4 74
3 12
4 68
3 85
4 12
3 13
4 43
4 25
4 0
3 11
3 59
4 50
4 7
3 9
3 48
3 28
3 14
4 4
3 36
3 32
4 12
3 16
4 33
3 80
3 21
3 39
3 45
3 2
4 95
3 40
4 51
4 36
4 18
3 50
4 61
4 89
3 94
3 14
4 69
3 38
3 62
3 96
4 81
4 43
3 3
4 28
3 15
3 14
3 3
4 88
4 64
4 31
4 80
4 37
4 65
4 78
3 16
4 98
4 64
3 3
4 40
3 33
3 75
3 47
3 57
3 0
4 32
4 59
4 46
3 25
3 0
4 86
4 64
3 24
4 82
4 32
4 30
4 60
3 63
3 19
3 10
3 4
3 20
3 22
3 50
3 93
3 17
3 52
4 40
3 78
3 29
3 5
4 87
3 86
3 41
3 100
4 0
4 23
3 31
3 95
4 50
4 74
4 87
3 87
4 54
4 34
4 24
4 92
3 8
4 4
4 45
3 26
3 53
4 75
3 16
4 31
3 24
4 72
4 3
4 2
3 41
3 12
4 16
3 71
4 25
3 64
4 53
4 13
4 27
3 76
4 87
4 24
4 60
3 88
3 65
4 91
4 49
4 9
4 19
3 22
4 47
3 0
3 41
3 35
3 28
4 27
4 50
3 44
4 98
4 73
3 57
4 70
3 22
3 59
4 41
4 45
3 18
3 70
3 21
3 80
4 28
3 36
3 26
3 40
3 77
3 73
3 18
4 32
3 44
3 69
4 4
4 74
3 31
3 85
3 9
3 48
3 15
4 42
4 67
3 2
4 48
3 14
4 40
4 70
4 87
4 31
3 1
4 52
3 50
3 22
4 70
4 51
3 64
4 84
4 99
3 64
4 97
4 71
4 64
4 14
3 22
4 51
3 23
3 74
4 65
4 19
3 15
3 4
3 78
3 4
3 26
4 42
4 17
4 72
3 10
4 82
4 11
4 81
4 28
3 13
4 64
3 89
3 55
4 90
4 26
3 67
3 62
4 100
4 30
4 75
3 1
3 87
3 93
3 73
4 100
4 10
3 37
3 17
4 6
3 99
4 74
3 11
3 86
3 44
3 5
4 56
3 46
4 89
4 83
4 90
3 55
4 55
4 12
3 21
3 38
3 62
4 83
3 81
4 77
3 53
3 31
3 37
3 85
3 21
4 59
4 40
4 65
4 38
4 34
4 76
4 15
4 55
4 71
3 76
4 45
3 86
3 97
3 35
3 31
3 41
3 69
3 55
3 47
4 44
3 29
4 82
3 24
4 39
4 56
4 93
4 70
4 27
4 9
4 52
4 43
3 8
4 31
3 97
3 97
4 78
4 14
3 35
4 71
3 62
3 83
4 19
4 56
4 45
3 1
3 95
3 19
3 70
4 56
4 66
4 47
3 77
3 100
3 64
4 84
4 64
4 54
3 6
4 64
4 91
3 8
3 91
4 22
4 3
3 68
3 52
3 34
3 65
4 35
3 75
4 74
4 81
4 64
3 9
3 29
3 54
4 30
4 25
4 15
4 52
4 54
4 1
4 63
3 47
4 14
4 61
4 82
4 15
3 1
3 30
3 84
4 29
4 80
3 15
4 38
4 42
3 33
4 32
3 58
4 49
3 78
3 46
3 23
4 90
4 28
3 28
4 81
3 37
3 72
3 99
3 9
3 76
3 8
3 96
4 71
3 3
4 50
4 98
3 42
4 15
3 24
4 31
4 84
4 48
3 88
4 48
3 57
4 35
3 90
4 98
3 12
4 70
4 9
3 68
4 97
4 63
3 90
3 64
4 31
4 52
3 58
3 66
3 42
4 51
4 87
3 11
3 22
4 39
4 33
4 6
3 16
3 71
3 100
3 76
4 94
3 8
4 14
4 6
3 43
4 71
4 90
4 81
4 18
3 37
3 60
3 94
4 10
4 3
4 36
4 92
3 0
3 33
3 68
4 48
3 84
3 40
4 80
3 71
4 10
4 47
3 8
3 14
4 63
4 19
4 78
4 45
3 87
4 85
3 99
4 49
3 53
3 68
4 14
3 79
4 62
4 98
3 90
3 90
4 65
4 95
3 88
4 61
4 88
3 93
4 9
4 56
4 72
3 28
4 89
3 93
4 17
4 85
3 11
3 93
3 53
3 57
4 33
4 8
3 77
3 74
3 33
4 8
4 35
4 26
3 74
4 12
3 74
4 26
4 31
4 81
3 51
3 89
4 85
3 93
3 38
4 8
4 48
3 81
4 26
3 62
3 62
3 24
3 37
3 10
3 83
3 61
4 65
3 77
3 59
3 7
4 84
4 43
4 88
4 17
4 42
3 9
3 5
4 19
4 90
4 50
4 8
4 0
3 14
4 89
3 9
4 60
4 46
4 86
3 49
4 70
4 63
4 51
3 52
3 44
4 54
3 71
4 79
3 15
4 89
4 44
3 12
4 22
3 32
4 39
4 15
3 31
4 37
3 35
4 74
3 18
4 15
3 0
4 42
3 7
3 30
3 3
4 79
3 69
4 95
3 91
4 9
3 19
4 32
4 76
4 14
4 58
4 98
4 96
3 50
4 44
4 79
3 96
3 88
4 72
4 86
4 23
4 71
3 49
3 18
4 79
4 39
3 10
4 1
3 23
3 13
4 49
3 83
3 27
4 52
3 82
4 33
4 21
4 72
4 34
3 24
3 61
4 0
4 48
4 29
4 70
4 100
4 4
4 57
4 96
4 92
4 84
4 94
3 95
4 54
4 71
3 17
4 15
4 59
3 28
4 77
3 16
3 23
3 39
3 50
4 94
3 60
3 69
4 22
3 90
3 25
3 54
4 67
4 38
4 3
3 5
4 45
3 2
4 94
4 53
4 79
4 20
3 97
3 23
3 99
3 49
3 1
2892 8000 6552977
4 2
3 87
3 0
3 1
3 27
4 55
4 40
4 65
3 57
3 92
3 69
4 18
3 41
3 61
4 70
3 74
3 61
4 3
3 96
3 29
4 95
4 37
3 34
4 62
3 84
4 16
4 1
3 72
3 20
3 47
3 77
3 30
4 15
4 2
4 38
3 35
3 40
4 4
3 6
3 5
3 65
3 2
3 76
4 82
3 45
3 67
4 7
4 37
3 66
4 92
3 31
3 44
3 47
3 78
4 78
3 10
4 17
4 84
3 7
4 12
4 46
3 39
4 80
4 51
3 13
4 12
3 8
4 66
3 98
3 81
3 82
3 7
3 41
3 92
3 3
4 97
3 50
3 37
3 58
3 24
3 82
4 7
4 35
3 4
4 78
3 9
4 31
3 16
3 31
4 57
4 9
3 93
4 10
3 63
3 18
3 51
3 51
3 75
3 46
4 72
4 7
3 90
3 82
3 55
3 5
3 14
3 48
4 61
3 62
3 26
3 0
3 59
3 28
3 96
4 25
4 58
3 36
4 67
3 95
3 55
3 49
3 77
4 26
4 69
3 6
4 46
3 50
4 98
4 38
4 32
4 22
3 33
3 4
4 75
3 60
3 15
4 27
4 87
3 82
3 60
3 85
4 48
3 99
3 65
3 44
4 92
3 37
4 47
3 87
4 44
4 73
4 87
4 15
3 13
3 11
3 3
3 33
4 97
4 32
4 92
4 64
3 45
3 100
4 19
4 16
3 49
4 75
4 3
3 59
4 21
3 18
3 43
3 33
4 22
3 78
4 9
4 52
3 85
4 38
3 55
3 13
4 100
4 86
3 22
4 8
3 94
4 33
4 86
3 11
4 31
3 6
3 72
3 96
3 44
4 18
4 19
3 14
3 9
3 63
3 3
3 99
4 35
3 83
3 44
4 97
4 33
4 10
3 38
3 34
3 18
3 96
4 51
3 4
4 36
3 90
3 32
4 11
4 10
4 30
3 34
3 36
3 16
4 49
4 31
3 40
4 85
3 57
3 12
3 69
3 39
3 25
3 41
3 97
3 88
4 42
3 36
3 39
4 39
3 1
4 17
4 6
4 71
4 73
3 41
4 69
4 71
4 12
4 71
4 7
3 49
4 13
3 68
4 8
4 98
3 88
4 68
3 12
3 54
4 46
4 10
3 51
3 41
4 42
4 24
3 62
3 74
3 23
3 30
4 94
4 13
3 71
3 97
4 4
3 92
4 43
4 80
3 63
4 90
3 92
3 79
4 21
4 63
4 54
3 7
3 43
3 85
3 72
4 34
4 35
4 75
4 4
4 31
3 10
3 52
3 89
4 57
4 13
3 64
4 66
3 20
3 33
4 64
4 51
3 54
4 74
3 95
3 99
3 38
4 81
3 68
4 99
4 87
4 65
3 32
4 2
4 6
4 91
4 3
3 20
3 85
4 26
4 40
4 36
4 15
3 28
3 25
4 45
3 85
4 65
4 89
4 79
3 57
4 81
3 62
3 13
4 97
4 61
3 83
3 29
3 72
3 84
4 26
3 55
3 31
4 51
4 64
4 71
4 76
4 45
3 88
4 77
3 22
3 61
3 18
3 16
4 58
3 79
3 32
3 3
4 21
4 35
4 55
4 62
4 70
3 77
4 66
4 88
4 4
4 92
3 34
3 48
4 38
3 92
3 55
4 66
3 43
3 45
3 41
4 20
3 50
3 9
3 56
4 2
3 60
3 39
4 40
3 18
4 10
4 32
4 62
3 70
3 14
3 86
3 13
4 50
3 38
4 59
4 78
4 19
4 18
4 40
3 71
4 46
4 73
3 68
3 50
3 84
3 25
4 33
4 88
3 49
3 24
3 82
4 52
3 9
4 40
4 40
4 83
4 35
3 18
4 60
3 17
4 13
3 97
3 99
4 11
3 13
4 39
4 48
4 36
4 6
3 73
3 5
4 98
4 83
4 12
3 97
4 0
4 23
4 97
3 51
3 55
4 29
4 71
4 34
3 9
3 3
3 44
4 43
3 64
3 72
4 4
3 16
4 32
4 34
4 36
4 42
3 67
3 51
4 70
4 100
3 10
3 76
4 37
3 17
3 71
4 6
4 91
4 49
3 55
3 47
3 96
3 99
3 53
4 25
4 30
3 13
4 39
3 85
4 29
4 19
4 81
4 57
3 86
3 30
4 2
3 56
3 23
3 95
4 28
3 61
4 91
4 29
4 59
3 61
4 18
3 18
4 34
3 91
4 12
3 23
4 68
3 47
4 64
4 22
3 63
4 93
4 82
3 53
3 25
3 26
3 9
3 51
3 95
3 79
3 77
3 96
3 40
3 37
3 77
3 51
4 15
3 76
4 37
4 42
4 54
4 67
3 43
3 56
3 65
4 22
4 63
4 79
3 6
3 18
3 73
3 97
4 9
3 88
4 92
4 33
4 71
4 8
3 39
3 72
3 1
3 58
3 93
3 19
4 63
4 49
3 28
3 66
4 87
3 43
4 97
4 96
4 14
3 42
4 94
4 21
3 48
4 66
4 19
4 73
4 32
4 48
3 48
4 15
3 14
4 48
3 88
3 26
3 15
4 42
3 53
4 9
4 58
3 20
4 86
4 97
3 2
3 43
3 45
4 6
3 81
3 18
3 50
3 41
3 30
3 54
4 28
3 21
3 10
4 63
3 97
3 58
3 39
4 5
3 63
4 38
3 16
4 38
4 75
4 1
4 1
3 84
4 40
4 26
3 64
4 52
4 31
3 27
4 4
3 29
4 36
4 98
3 22
3 9
3 36
4 87
4 44
3 48
4 15
3 81
4 4
3 49
3 57
3 19
4 5
3 67
4 83
3 44
3 55
3 85
4 5
4 5
3 82
4 50
3 88
4 60
4 94
3 18
3 93
3 78
3 65
3 48
3 63
3 25
3 67
3 27
4 82
3 47
3 14
3 10
3 15
4 90
3 46
3 75
4 88
3 32
4 20
3 71
3 37
4 89
3 78
3 60
4 63
3 48
3 57
3 19
4 28
4 27
4 37
3 0
3 36
3 34
4 47
4 55
3 4
4 31
3 23
3 33
4 95
3 35
4 25
3 76
3 59
3 3
4 65
3 0
4 36
3 29
3 33
4 73
3 73
4 84
4 84
3 38
3 56
3 67
4 69
3 42
4 65
4 99
3 45
4 8
3 32
4 23
4 1
4 90
4 15
4 34
3 12
3 79
4 79
3 12
4 55
4 31
4 22
3 96
3 0
3 3
4 86
4 86
3 47
3 71
4 67
4 6
3 9
4 55
4 53
4 100
3 66
4 36
3 46
4 64
4 74
4 87
4 95
3 17
4 22
3 49
4 36
3 69
4 78
4 41
3 29
3 79
4 33
3 89
3 20
3 62
3 6
4 33
4 13
3 29
3 78
4 22
4 15
3 11
3 32
4 28
3 69
3 88
4 13
3 36
3 60
3 76
4 83
4 50
4 29
4 45
3 89
3 72
4 78
4 54
3 37
3 20
3 66
4 50
3 20
3 72
4 19
4 57
4 16
3 1
4 20
3 72
3 24
4 83
4 88
4 38
3 16
4 41
4 63
4 80
4 97
3 4
4 31
4 8
3 10
4 4
4 51
3 41
4 39
4 81
3 49
4 70
3 91
3 94
4 79
3 75
4 67
4 54
3 82
4 50
3 82
4 46
4 80
4 74
3 31
3 71
3 10
3 94
3 91
3 44
4 94
4 96
3 33
4 54
3 55
3 76
3 30
3 51
4 43
3 29
3 94
4 44
4 41
4 85
4 28
3 65
3 32
3 28
4 49
3 18
3 36
3 68
3 94
4 79
4 56
4 49
3 52
3 60
4 39
3 46
4 0
3 38
4 11
3 10
4 53
3 93
3 20
4 75
3 9
3 88
3 25
3 43
4 13
4 66
4 84
4 30
4 90
3 46
4 78
4 28
3 78
4 86
3 98
4 63
4 19
3 95
3 12
3 48
3 12
4 96
3 13
3 45
4 63
4 17
4 60
3 0
3 9
3 76
4 41
4 86
3 48
3 2
4 93
3 71
3 99
3 37
4 28
3 58
3 66
3 18
3 91
3 30
3 34
4 62
4 94
4 63
4 0
3 53
4 99
3 62
4 16
3 81
4 44
4 0
4 83
4 49
3 3
4 56
4 83
3 83
3 4
4 9
4 28
4 86
4 61
3 74
3 97
3 88
3 72
3 61
4 66
4 35
3 43
4 45
3 34
4 92
3 9
4 39
3 1
4 22
3 53
4 35
4 95
4 98
4 63
3 3
4 3
4 69
4 84
4 89
4 11
4 34
3 38
3 43
3 57
3 90
4 57
3 22
3 55
3 12
3 71
4 62
3 63
3 64
3 39
3 50
4 0
3 27
4 5
4 43
3 9
3 34
4 94
4 10
3 6
3 34
3 38
3 74
3 5
4 8
3 100
4 24
3 26
3 93
4 98
4 30
4 26
4 37
4 44
3 78
3 24
4 48
4 85
4 66
3 32
4 87
4 95
4 73
3 71
4 60
4 80
3 0
4 7
3 64
3 67
4 22
3 83
4 78
4 21
4 25
4 26
3 95
4 22
4 17
4 57
3 62
3 32
3 45
4 61
4 6
3 82
3 57
3 5
3 18
4 86
4 35
4 79
4 94
4 99
3 21
3 4
4 39
3 95
4 92
4 22
3 18
3 26
3 52
4 13
3 87
3 44
4 53
3 44
3 71
3 36
4 32
3 12
3 38
4 49
3 66
3 80
4 9
4 14
3 37
4 55
3 62
4 24
4 83
4 57
4 15
3 2
3 66
3 14
4 26
3 47
3 12
4 95
4 65
3 44
3 61
4 17
3 32
3 34
4 24
3 50
4 96
4 39
3 34
4 28
3 42
3 22
3 21
4 32
3 47
3 97
3 55
4 82
4 70
3 18
4 3
4 33
4 91
3 38
3 76
4 16
4 77
4 30
3 61
3 88
4 11
4 53
4 30
4 78
3 87
3 23
3 24
4 29
4 5
3 82
4 60
3 27
3 58
3 75
4 40
4 64
4 89
4 39
4 67
4 82
4 53
4 83
4 70
4 25
4 90
4 32
3 33
4 51
3 61
4 62
4 82
3 55
4 88
4 79
3 32
3 47
3 23
4 64
4 21
4 71
3 57
4 42
3 12
3 65
3 16
3 71
4 29
4 70
3 19
4 94
3 91
4 88
4 93
3 24
4 89
4 39
4 71
3 48
3 41
3 1
3 28
3 1
4 55
3 51
4 34
4 13
3 22
3 55
3 38
3 15
3 3
4 97
3 59
3 18
3 3
3 89
4 79
4 15
3 8
4 53
4 98
3 32
3 12
3 70
3 44
4 77
4 37
4 100
3 97
3 18
3 15
3 27
3 11
4 11
4 62
3 70
3 85
3 84
4 99
4 56
4 19
4 6
3 66
4 10
3 33
3 95
3 62
4 28
4 80
4 66
3 1
3 1
4 36
3 9
3 12
3 13
3 49
4 40
4 47
4 33
3 68
4 49
3 27
3 50
3 68
4 9
3 22
3 36
4 16
3 0
3 75
3 72
4 28
4 41
3 4
4 1
4 74
4 61
4 96
4 64
4 73
4 48
4 30
3 38
3 80
4 63
4 10
4 95
3 60
3 57
3 96
3 75
3 56
4 24
4 9
3 48
3 85
3 39
4 100
3 38
4 4
3 21
3 33
4 83
4 53
3 25
4 29
4 37
4 9
4 59
3 96
4 12
4 38
3 80
4 85
4 33
4 64
3 39
3 23
4 69
4 57
3 30
3 27
4 35
4 47
3 16
4 93
3 82
3 74
4 24
3 76
3 58
3 100
4 86
3 89
3 94
4 25
4 42
3 37
3 70
3 80
3 51
3 71
4 83
3 46
3 65
3 97
4 47
3 62
4 79
3 54
4 34
4 10
3 47
3 28
4 31
3 51
4 22
3 44
3 89
3 21
4 10
4 93
4 10
3 8
3 56
4 66
4 7
3 99
3 48
4 75
4 4
3 16
3 20
4 24
3 96
3 85
4 11
3 28
3 72
3 59
3 74
3 26
4 64
4 38
3 67
4 75
3 9
4 50
4 6
3 96
3 41
3 40
4 79
3 8
4 73
4 19
3 32
3 31
4 5
4 33
3 57
4 11
3 14
4 17
3 30
3 2
4 60
4 44
3 44
3 38
4 62
4 51
3 92
3 100
4 86
4 72
4 11
4 63
4 96
4 22
4 66
4 79
4 87
3 20
4 13
4 24
4 2
4 34
4 3
3 5
4 4
3 9
4 53
3 9
3 99
4 27
4 89
3 0
3 76
4 14
4 71
4 26
4 37
3 62
4 10
4 72
4 43
4 5
3 36
4 66
4 27
3 70
4 15
3 94
4 89
3 77
3 64
4 14
3 100
3 10
4 20
3 42
3 11
3 71
3 79
4 1
3 77
3 97
4 100
3 63
3 81
4 28
4 0
4 67
3 52
3 51
3 40
3 3
4 58
3 43
4 19
3 76
3 43
3 66
3 25
3 87
4 56
4 36
3 17
4 37
3 15
3 34
3 11
4 62
3 85
3 15
4 87
3 1
3 40
3 76
4 81
4 95
4 24
4 43
3 46
4 65
4 30
3 85
4 18
4 48
3 41
3 87
4 3
4 26
3 62
4 92
3 85
4 1
3 88
3 85
4 13
4 61
4 76
4 0
3 88
4 63
3 88
3 15
3 66
3 44
4 49
3 8
3 82
4 72
3 94
4 83
4 64
3 54
3 28
4 21
4 38
3 56
4 74
4 11
4 2
3 49
3 31
3 47
4 89
4 31
4 69
3 86
4 89
4 29
3 58
3 6
4 92
4 13
4 93
3 34
3 30
3 77
3 89
4 77
4 41
3 81
4 34
3 43
4 75
4 2
3 15
3 46
4 92
4 89
4 80
4 31
3 36
4 63
4 3
3 49
3 88
4 76
3 30
4 45
4 59
3 48
3 37
3 63
4 43
3 53
4 17
4 14
3 8
4 94
3 22
3 20
4 16
4 82
4 95
4 40
3 94
4 40
3 82
3 10
3 68
4 61
4 22
4 91
4 33
4 78
4 4
4 22
3 49
4 46
3 27
4 72
3 0
4 21
3 34
3 69
4 70
3 7
4 68
4 3
3 54
4 79
4 3
3 25
3 69
4 35
3 0
4 18
4 12
3 72
4 31
4 80
3 21
4 94
3 30
4 67
3 0
3 3
4 95
3 15
3 81
4 3
3 30
3 7
3 2
3 8
3 42
3 90
3 39
3 54
4 98
4 63
4 20
4 36
4 90
3 47
4 1
3 100
3 38
4 9
3 44
4 98
4 23
3 52
3 81
3 75
4 97
4 26
3 93
3 16
3 59
4 93
4 16
3 88
3 52
3 34
3 2
3 83
3 7
4 37
3 94
3 65
4 46
3 98
4 68
3 70
4 47
3 91
3 66
3 81
3 45
3 20
3 24
3 47
3 68
4 86
3 28
4 59
3 46
4 65
3 79
3 72
3 55
3 49
3 13
4 57
3 59
4 18
3 37
4 27
3 88
4 14
3 57
4 93
3 25
4 65
4 32
3 52
4 84
4 37
4 2
3 62
4 87
4 69
4 41
3 18
3 38
4 66
4 42
3 51
3 76
4 11
4 0
4 97
4 87
3 75
3 38
3 24
4 88
3 92
3 24
4 16
3 50
3 65
4 68
4 69
3 21
3 83
3 41
3 16
4 19
4 7
3 97
4 48
4 13
4 24
3 85
4 13
4 55
3 63
4 77
4 78
3 13
3 76
3 92
3 80
4 7
4 1
4 39
4 14
3 49
4 2
3 16
3 87
4 29
3 23
4 15
3 13
3 76
4 2
3 37
3 35
3 76
4 8
4 100
3 2
3 26
3 4
4 75
4 56
3 39
3 34
3 52
3 40
3 30
4 4
3 65
3 4
3 50
3 46
4 60
4 53
4 18
3 10
4 78
4 89
3 17
4 54
3 44
3 55
4 99
4 48
4 7
4 46
4 22
3 68
4 76
4 88
4 15
3 10
3 62
4 36
3 43
4 10
3 11
4 34
4 45
3 29
3 74
4 6
4 86
3 22
3 62
4 4
4 31
3 51
4 42
3 72
4 89
3 55
4 39
4 100
3 70
3 2
4 46
4 13
3 42
3 29
4 90
4 99
4 97
3 67
4 55
3 56
3 25
3 68
3 100
3 23
3 98
4 43
3 75
4 49
3 65
3 11
4 86
4 26
3 15
4 85
3 63
3 26
4 21
4 16
3 43
4 3
4 65
3 15
4 9
4 55
4 51
3 45
3 40
3 73
4 22
3 22
4 52
3 38
3 97
4 71
4 30
4 27
3 58
3 4
4 18
3 20
3 34
3 54
3 0
3 87
4 73
3 10
3 54
4 4
3 61
3 16
4 99
3 55
4 83
4 74
4 81
3 19
4 14
4 65
4 22
4 3
3 55
4 21
4 19
4 22
4 7
4 68
4 80
3 84
3 10
3 99
4 12
4 78
3 52
3 88
3 99
4 1
3 15
4 22
3 27
4 52
3 91
3 64
4 79
3 66
4 36
3 52
4 22
4 32
3 74
4 22
4 63
4 24
3 3
4 6
4 42
4 41
3 70
4 89
4 62
4 3
3 4
4 12
3 20
4 14
3 56
3 53
4 84
3 67
4 53
4 3
4 55
3 87
3 24
4 58
3 28
4 86
4 20
4 59
3 100
3 48
4 82
3 50
4 45
3 3
4 68
3 90
3 60
4 42
4 83
4 33
4 100
3 4
3 46
4 4
3 42
3 75
4 34
4 6
4 29
3 3
3 29
3 41
4 77
4 97
4 60
3 13
4 70
3 6
3 38
3 62
3 45
3 14
4 41
3 88
3 37
4 40
4 53
4 51
3 100
3 50
3 79
3 25
3 1
3 58
3 42
4 46
4 65
3 97
4 72
4 42
3 51
4 74
3 68
4 27
4 32
4 92
4 31
4 51
3 8
4 37
3 11
4 65
3 100
4 31
4 45
4 49
4 34
4 28
3 26
3 93
4 50
4 1
4 43
4 53
3 86
4 32
4 40
3 53
3 57
4 30
3 89
3 89
4 92
3 95
4 32
4 36
3 85
3 21
4 6
4 31
3 83
3 47
3 44
3 12
4 21
3 29
4 58
3 76
4 96
4 21
4 76
4 73
4 73
3 41
3 56
3 72
3 97
4 80
4 7
4 84
4 88
3 17
3 53
4 52
4 99
3 91
4 71
4 15
4 16
4 35
4 9
4 83
3 67
3 9
3 100
4 47
3 20
4 85
4 91
4 13
3 21
4 64
3 7
3 38
4 19
3 64
4 76
4 90
3 68
4 18
4 14
4 4
3 23
3 47
3 6
3 63
3 18
4 13
3 24
4 47
4 96
4 21
3 41
3 59
3 69
4 12
3 27
3 42
3 61
4 62
3 49
4 73
3 12
4 43
3 58
4 24
4 44
3 94
3 70
4 35
4 59
4 37
4 63
3 93
3 7
4 65
4 61
4 8
4 45
4 7
4 98
4 14
3 26
4 26
3 17
3 9
4 27
4 68
4 47
3 20
3 13
3 44
4 18
4 83
3 95
3 81
4 24
3 50
3 95
3 12
3 43
4 45
3 6
3 62
4 10
4 35
3 2
3 50
4 96
3 6
4 23
4 15
3 15
3 13
4 56
3 46
4 40
3 60
4 6
3 4
3 1
4 23
4 4
3 63
4 87
4 70
3 55
3 38
4 57
3 40
3 54
4 47
4 31
4 22
4 73
4 97
3 41
3 47
4 12
3 84
4 94
3 49
3 51
3 72
3 90
3 57
4 37
4 11
3 85
3 2
4 84
3 31
4 74
3 8
3 33
3 15
3 84
3 82
4 86
3 54
3 34
3 44
4 50
3 38
3 51
4 70
3 51
4 36
3 69
3 6
4 95
4 75
4 82
4 33
3 70
4 72
4 33
3 96
4 40
4 37
3 9
3 86
3 98
3 98
4 78
3 67
3 25
3 61
3 99
3 76
3 8
4 90
4 87
3 10
3 90
3 20
3 12
4 98
3 83
4 60
3 74
3 32
3 69
3 76
3 61
4 15
4 33
4 8
3 14
3 67
3 18
3 22
3 92
4 89
4 37
3 14
4 51
3 35
3 80
4 99
3 37
3 17
3 31
3 96
3 76
3 100
4 70
3 68
3 56
4 34
3 22
4 45
4 94
3 3
4 44
3 13
4 94
4 74
3 33
3 28
3 76
4 77
3 73
4 82
3 23
3 49
3 37
3 11
3 93
4 33
4 2
3 85
4 80
3 81
3 16
4 39
4 77
4 46
3 37
3 31
4 38
4 53
3 4
3 97
4 55
3 60
3 77
3 89
4 6
4 1
3 57
3 96
4 49
3 88
3 18
4 100
3 52
4 62
4 40
3 6
4 3
3 50
3 60
4 72
3 12
4 55
4 42
4 31
4 11
3 95
4 89
3 12
4 94
4 19
3 97
4 70
4 68
4 22
3 43
4 27
4 94
4 35
4 14
4 10
4 10
4 36
4 94
3 42
4 5
3 0
4 48
3 80
4 81
3 78
4 23
4 0
3 10
3 43
3 71
3 35
3 18
3 21
3 37
3 84
3 94
3 36
4 44
4 45
3 36
4 45
4 75
4 72
4 1
4 99
4 32
4 3
4 4
3 19
4 51
3 4
4 60
3 23
3 52
4 89
4 55
3 73
4 50
4 47
4 91
4 31
3 44
3 23
4 69
3 62
4 81
3 70
4 85
3 93
3 27
3 83
4 57
4 7
3 69
4 11
3 25
4 1
3 39
3 60
4 21
3 96
3 34
4 33
3 30
3 57
4 21
4 71
4 77
4 70
4 98
3 17
4 32
3 3
3 41
3 21
3 10
3 64
4 89
4 94
4 23
3 95
3 83
3 78
3 63
3 75
4 65
4 58
4 59
3 9
3 89
3 35
4 51
4 13
3 91
3 44
3 12
3 33
3 97
4 94
4 90
4 90
4 45
4 45
3 81
3 61
3 94
3 79
4 98
3 51
3 98
4 52
3 4
3 97
3 14
4 4
4 32
4 35
4 50
4 19
3 34
4 6
4 97
4 80
3 22
3 38
3 50
4 14
3 14
4 54
3 72
3 95
3 42
3 5
4 97
4 45
4 12
3 92
3 62
4 30
4 95
4 23
3 61
3 6
4 61
3 39
4 16
4 26
4 62
4 54
3 45
3 22
3 46
4 83
4 36
4 73
4 5
3 77
4 47
4 99
3 65
4 11
4 11
3 100
3 46
3 68
3 13
3 84
3 93
3 35
3 61
3 85
3 7
4 89
3 65
4 93
4 34
4 50
3 13
4 83
3 98
4 4
3 18
4 50
3 56
3 79
3 48
3 21
3 64
3 98
4 67
4 47
4 46
4 11
3 15
4 38
4 78
4 8
4 53
3 44
3 63
4 85
3 51
4 42
3 17
4 24
4 81
4 81
4 56
3 8
3 31
4 51
3 41
3 59
3 35
4 13
3 83
4 65
3 32
4 15
3 18
4 20
4 18
3 67
3 52
4 72
3 39
4 47
3 19
3 70
3 47
4 84
3 6
4 92
3 47
4 66
4 97
3 75
4 24
3 100
3 2
3 37
3 76
4 44
3 70
4 77
4 88
3 65
4 16
4 58
3 71
4 100
3 3
4 60
4 83
3 8
3 46
4 70
3 47
3 76
3 76
4 4
4 27
3 85
3 78
4 58
3 84
4 51
3 17
3 15
3 12
3 10
3 2
4 2
4 77
3 98
3 30
3 38
3 1
4 89
4 66
4 34
4 38
4 61
4 4
4 53
4 90
4 96
3 88
4 68
4 2
4 81
3 48
4 99
3 38
4 19
3 62
4 36
4 17
3 36
3 71
4 3
3 84
4 98
4 74
4 28
4 24
4 26
4 19
3 17
4 98
4 14
4 88
3 32
4 27
3 24
4 17
3 24
3 38
4 37
4 92
4 26
4 39
3 63
4 59
4 46
4 71
3 39
3 17
3 70
3 59
3 91
3 41
4 60
4 0
3 69
4 58
3 20
4 88
4 14
4 70
4 17
3 15
4 89
3 9
4 3
3 39
3 30
3 61
3 99
4 78
4 44
4 58
4 50
4 30
3 78
3 36
3 93
4 78
3 43
3 7
3 97
3 91
4 52
4 64
3 16
3 18
4 84
3 27
3 92
4 13
3 5
4 66
4 36
3 66
3 90
4 22
4 86
3 59
4 56
3 83
4 78
3 93
4 91
3 92
3 24
4 22
3 94
4 61
4 94
3 31
4 6
3 33
3 63
3 50
4 27
3 3
4 64
4 1
4 32
3 10
3 54
4 93
3 91
4 83
3 50
3 77
4 60
4 2
4 52
4 12
4 24
4 72
3 86
4 13
3 68
4 94
3 7
3 33
4 34
4 22
3 70
3 85
3 28
3 94
3 7
4 23
4 66
3 23
3 100
3 63
3 5
3 2
4 87
3 83
3 92
3 46
4 80
3 57
3 29
3 67
3 95
3 87
4 2
4 61
3 82
3 41
3 52
4 11
4 69
3 4
3 17
4 93
4 71
4 40
4 88
3 35
3 61
4 21
4 20
3 77
4 3
3 64
3 94
4 1
3 96
4 9
4 80
3 15
3 71
3 53
3 54
4 49
4 33
4 96
4 35
4 77
4 91
4 66
3 52
4 5
3 66
3 28
4 99
3 88
3 97
4 62
4 44
3 19
3 100
3 11
4 16
4 90
4 74
4 90
4 61
4 51
3 95
4 83
4 50
3 73
3 69
4 7
4 2
3 32
4 48
3 5
4 98
4 20
3 23
3 45
4 8
3 19
3 8
4 44
4 39
4 73
3 28
4 26
4 60
4 65
4 45
3 20
4 31
3 77
3 65
3 10
4 99
4 72
3 51
3 83
4 70
3 17
3 80
3 8
3 61
3 78
4 70
3 22
